WindDirection,WindSpeed,AirDensity,WindShear,B1Er1,B1Er2,B1Er3,B1Er4,B1Er5,B1Er6,B2Er1,B2Er2,B2Er3,B2Er4,B2Er5,B2Er6,B3Er1,B3Er2,B3Er3,B3Er4,B3Er5,B3Er6,Alpha,Shape
5.22,18.796,1.38224,0.2,0,0,0,0,0,0,0,0,0,0,0,0,0,0,0,0,0,0,0,1
2.1,11.58,1.25296,0.2,0,0,0,0,0,0,0,0,0,0,0,0,0,0,0,0,0,0,0,1
11.46,13.076,1.19408,0.2,0,0,0,0,0,0,0,0,0,0,0,0,0,0,0,0,0,0,0,1
6.9,10.788,1.2824,0.2,0,0,0,0,0,0,0,0,0,0,0,0,0,0,0,0,0,0,0,1
14.1,8.94,1.29648,0.2,0,0,0,0,0,0,0,0,0,0,0,0,0,0,0,0,0,0,0,1
8.46,15.804,1.212,0.2,0,0,0,0,0,0,0,0,0,0,0,0,0,0,0,0,0,0,0,1
12.06,7.972,1.41424,0.2,0,0,0,0,0,0,0,0,0,0,0,0,0,0,0,0,0,0,0,1
9.3,18.62,1.2248,0.2,0,0,0,0,0,0,0,0,0,0,0,0,0,0,0,0,0,0,0,1
-2.94,3.836,1.4104,0.2,0,0,0,0,0,0,0,0,0,0,0,0,0,0,0,0,0,0,0,1
-9.18,11.492,1.19152,0.2,0,0,0,0,0,0,0,0,0,0,0,0,0,0,0,0,0,0,0,1
14.7,18.708,1.38352,0.2,0.0204197584139303,0.0486200807446432,0.104399036418669,0.119206241768259,0.15293266919019,0.201750590545887,0.0204197584139303,0.0486200807446432,0.104399036418669,0.119206241768259,0.15293266919019,0.201750590545887,0.0204197584139303,0.0486200807446432,0.104399036418669,0.119206241768259,0.15293266919019,0.201750590545887,0.25,1
-7.38,9.028,1.20688,0.2,0.019796804187448,0.0508058526322922,0.101116243321726,0.138144773883287,0.143038734155684,0.245782256586311,0.019796804187448,0.0508058526322922,0.101116243321726,0.138144773883287,0.143038734155684,0.245782256586311,0.019796804187448,0.0508058526322922,0.101116243321726,0.138144773883287,0.143038734155684,0.245782256586311,0.25,1
7.98,22.14,1.1672,0.2,0.0179935156371044,0.0651955175593149,0.0769948505659309,0.107172382820169,0.177557574164961,0.189552629007661,0.0179935156371044,0.0651955175593149,0.0769948505659309,0.107172382820169,0.177557574164961,0.189552629007661,0.0179935156371044,0.0651955175593149,0.0769948505659309,0.107172382820169,0.177557574164961,0.189552629007661,0.25,1
6.66,5.948,1.1032,0.2,0.0177967932497942,0.0468896780002544,0.0878423407993063,0.13341014085453,0.184373396077621,0.198775477975588,0.0177967932497942,0.0468896780002544,0.0878423407993063,0.13341014085453,0.184373396077621,0.198775477975588,0.0177967932497942,0.0468896780002544,0.0878423407993063,0.13341014085453,0.184373396077621,0.198775477975588,0.25,1
-14.46,12.284,1.2056,0.2,0.0172066260878636,0.0485290069159912,0.0915533243001979,0.132029206221143,0.172280808813225,0.210378416999754,0.0172066260878636,0.0485290069159912,0.0915533243001979,0.132029206221143,0.172280808813225,0.210378416999754,0.0172066260878636,0.0485290069159912,0.0915533243001979,0.132029206221143,0.172280808813225,0.210378416999754,0.25,1
2.82,14.748,1.3272,0.2,0.0143213644073138,0.0478914901154269,0.0969770694168856,0.116641648877683,0.164585526008609,0.243699677787102,0.0143213644073138,0.0478914901154269,0.0969770694168856,0.116641648877683,0.164585526008609,0.243699677787102,0.0143213644073138,0.0478914901154269,0.0969770694168856,0.116641648877683,0.164585526008609,0.243699677787102,0.25,1
-7.14,3.748,1.28368,0.2,0.0149115315692445,0.0636472624722302,0.0792785327203257,0.110131528463142,0.169422560914367,0.24935239167067,0.0149115315692445,0.0636472624722302,0.0792785327203257,0.110131528463142,0.169422560914367,0.24935239167067,0.0149115315692445,0.0636472624722302,0.0792785327203257,0.110131528463142,0.169422560914367,0.24935239167067,0.25,1
6.78,15.276,1.1096,0.2,0.0208132031885507,0.0532648460058974,0.0871286901260579,0.153729607602945,0.188550835314413,0.183602403867064,0.0208132031885507,0.0532648460058974,0.0871286901260579,0.153729607602945,0.188550835314413,0.183602403867064,0.0208132031885507,0.0532648460058974,0.0871286901260579,0.153729607602945,0.188550835314413,0.183602403867064,0.25,1
-7.86,14.66,1.37072,0.2,0.0163541624095193,0.063374040986274,0.106682718573064,0.11032880483934,0.16436566078562,0.212758507055993,0.0163541624095193,0.063374040986274,0.106682718573064,0.11032880483934,0.16436566078562,0.212758507055993,0.0163541624095193,0.063374040986274,0.106682718573064,0.11032880483934,0.16436566078562,0.212758507055993,0.25,1
-4.74,15.364,1.13008,0.2,0.0164197365386227,0.0607328999553648,0.103114465206822,0.149586803702783,0.176238382827027,0.185982493923303,0.0164197365386227,0.0607328999553648,0.103114465206822,0.149586803702783,0.176238382827027,0.185982493923303,0.0164197365386227,0.0607328999553648,0.103114465206822,0.149586803702783,0.176238382827027,0.185982493923303,0.25,1
14.22,4.628,1.35792,0.2,0.0190427017027588,0.0556327655508504,0.0772803108352302,0.136172010121305,0.17096161747529,0.212460995798963,0.0190427017027588,0.0556327655508504,0.0772803108352302,0.136172010121305,0.17096161747529,0.212460995798963,0.0190427017027588,0.0556327655508504,0.0772803108352302,0.136172010121305,0.17096161747529,0.212460995798963,0.25,1
3.54,8.764,1.16208,0.2,0.0208787773176541,0.0498951143457718,0.109394591131407,0.149192250950387,0.149414825622365,0.226444024879368,0.0208787773176541,0.0498951143457718,0.109394591131407,0.149192250950387,0.149414825622365,0.226444024879368,0.0208787773176541,0.0498951143457718,0.109394591131407,0.149192250950387,0.149414825622365,0.226444024879368,0.25,1
-2.1,16.508,1.12112,0.2,0.0194689335419309,0.0617347120705373,0.0841313572984147,0.112104292225124,0.141719542817749,0.230311671220757,0.0194689335419309,0.0617347120705373,0.0841313572984147,0.112104292225124,0.141719542817749,0.230311671220757,0.0194689335419309,0.0617347120705373,0.0841313572984147,0.112104292225124,0.141719542817749,0.230311671220757,0.25,1
-10.98,9.556,1.11088,0.2,0.0187148310572418,0.0623722288711016,0.0805631039321728,0.1257163621828,0.164805391231598,0.202048101802917,0.0187148310572418,0.0623722288711016,0.0805631039321728,0.1257163621828,0.164805391231598,0.202048101802917,0.0187148310572418,0.0623722288711016,0.0805631039321728,0.1257163621828,0.164805391231598,0.202048101802917,0.25,1
-10.38,7.708,1.30928,0.2,0.0183541733471731,0.0516255170901606,0.0862723093181598,0.119995347273052,0.192068678882237,0.24845985789958,0.0183541733471731,0.0516255170901606,0.0862723093181598,0.119995347273052,0.192068678882237,0.24845985789958,0.0183541733471731,0.0516255170901606,0.0862723093181598,0.119995347273052,0.192068678882237,0.24845985789958,0.25,1
-9.3,8.5,1.40912,0.2,0.0184853216053799,0.0600043093261485,0.0869859599914082,0.143076683288242,0.142818868932694,0.217816198425501,0.0184853216053799,0.0600043093261485,0.0869859599914082,0.143076683288242,0.142818868932694,0.217816198425501,0.0184853216053799,0.0600043093261485,0.0869859599914082,0.143076683288242,0.142818868932694,0.217816198425501,0.25,1
-6.66,16.332,1.38992,0.2,0.0200918877684133,0.048255785430035,0.0799921833935741,0.146035828931215,0.167223908684477,0.238641986417594,0.0200918877684133,0.048255785430035,0.0799921833935741,0.146035828931215,0.167223908684477,0.238641986417594,0.0200918877684133,0.048255785430035,0.0799921833935741,0.146035828931215,0.167223908684477,0.238641986417594,0.25,1
-4.5,18.972,1.21456,0.2,0.0159607176348989,0.0597310878401923,0.0954070379357391,0.119798070896854,0.151173747406278,0.22049379973877,0.0159607176348989,0.0597310878401923,0.0954070379357391,0.119798070896854,0.151173747406278,0.22049379973877,0.0159607176348989,0.0597310878401923,0.0954070379357391,0.119798070896854,0.151173747406278,0.22049379973877,0.25,1
-12.9,4.804,1.27344,0.2,0.0188131922508969,0.0470718256575585,0.107539099380962,0.117628030758674,0.165245121677576,0.226146513622338,0.0188131922508969,0.0470718256575585,0.107539099380962,0.117628030758674,0.165245121677576,0.226146513622338,0.0188131922508969,0.0470718256575585,0.107539099380962,0.117628030758674,0.165245121677576,0.226146513622338,0.25,1
9.42,17.124,1.14416,0.2,0.0168787554423465,0.0619168597278414,0.10839548018886,0.111117910344133,0.157769704095949,0.254707594297208,0.0168787554423465,0.0619168597278414,0.10839548018886,0.111117910344133,0.157769704095949,0.254707594297208,0.0168787554423465,0.0619168597278414,0.10839548018886,0.111117910344133,0.157769704095949,0.254707594297208,0.25,1
-10.62,21.172,1.28496,0.2,0.0196328688646894,0.05025940966038,0.0918387845694972,0.107764211948763,0.170302021806323,0.205915748144305,0.0196328688646894,0.05025940966038,0.0918387845694972,0.107764211948763,0.170302021806323,0.205915748144305,0.0196328688646894,0.05025940966038,0.0918387845694972,0.107764211948763,0.170302021806323,0.205915748144305,0.25,1
11.7,22.932,1.17616,0.2,0.0153377634084166,0.056725651494675,0.0931233557813443,0.145443999802621,0.148095634284431,0.229716648706697,0.0153377634084166,0.056725651494675,0.0931233557813443,0.145443999802621,0.148095634284431,0.229716648706697,0.0153377634084166,0.056725651494675,0.0931233557813443,0.145443999802621,0.148095634284431,0.229716648706697,0.25,1
5.58,13.428,1.18256,0.2,0.0219279633833085,0.0599132354974964,0.0982616406287327,0.106580553691574,0.183054204739687,0.232691761276996,0.0219279633833085,0.0599132354974964,0.0982616406287327,0.106580553691574,0.183054204739687,0.232691761276996,0.0219279633833085,0.0599132354974964,0.0982616406287327,0.106580553691574,0.183054204739687,0.232691761276996,0.25,1
1.02,16.948,1.30288,0.2,0.0197640171228963,0.059002497210976,0.0916960544348475,0.14662765805981,0.144797655939596,0.253220038012058,0.0197640171228963,0.059002497210976,0.0916960544348475,0.14662765805981,0.144797655939596,0.253220038012058,0.0197640171228963,0.059002497210976,0.0916960544348475,0.14662765805981,0.144797655939596,0.253220038012058,0.25,1
-14.1,21.964,1.22096,0.2,0.0159279305703472,0.056907799151979,0.0822758655479689,0.115260714244295,0.16414579556263,0.234179317562145,0.0159279305703472,0.056907799151979,0.0822758655479689,0.115260714244295,0.16414579556263,0.234179317562145,0.0159279305703472,0.056907799151979,0.0822758655479689,0.115260714244295,0.16414579556263,0.234179317562145,0.25,1
12.3,17.916,1.15696,0.2,0.0216656668668949,0.0643758531014465,0.10382811588007,0.14110391952626,0.16194714333274,0.226741536136398,0.0216656668668949,0.0643758531014465,0.10382811588007,0.14110391952626,0.16194714333274,0.226741536136398,0.0216656668668949,0.0643758531014465,0.10382811588007,0.14110391952626,0.16194714333274,0.226741536136398,0.25,1
-8.58,15.188,1.3336,0.2,0.0215345186086881,0.0545398796070259,0.0758530094887335,0.153137778474351,0.178217169833928,0.211270950770844,0.0215345186086881,0.0545398796070259,0.0758530094887335,0.153137778474351,0.178217169833928,0.211270950770844,0.0215345186086881,0.0545398796070259,0.0758530094887335,0.153137778474351,0.178217169833928,0.211270950770844,0.25,1
3.78,7.004,1.404,0.2,0.021108286769516,0.0455235705704738,0.0864150394528095,0.12354632204462,0.159088895433883,0.224063934823129,0.021108286769516,0.0455235705704738,0.0864150394528095,0.12354632204462,0.159088895433883,0.224063934823129,0.021108286769516,0.0455235705704738,0.0864150394528095,0.12354632204462,0.159088895433883,0.224063934823129,0.25,1
-3.42,9.644,1.25936,0.2,0.016059078828554,0.061097195269973,0.0802776436628734,0.107961488324961,0.188330970091424,0.250839947955819,0.016059078828554,0.061097195269973,0.0802776436628734,0.107961488324961,0.188330970091424,0.250839947955819,0.016059078828554,0.061097195269973,0.0802776436628734,0.107961488324961,0.188330970091424,0.250839947955819,0.25,1
-2.22,15.98,1.16464,0.2,0.0164853106677261,0.0444306846266493,0.101972624129624,0.141893025031053,0.141059947148782,0.203833169345096,0.0164853106677261,0.0444306846266493,0.101972624129624,0.141893025031053,0.141059947148782,0.203833169345096,0.0164853106677261,0.0444306846266493,0.101972624129624,0.141893025031053,0.141059947148782,0.203833169345096,0.25,1
-2.58,6.476,1.36176,0.2,0.0170099037005533,0.0507147788036402,0.0825613258172682,0.106777830067772,0.173600000151159,0.206808281915395,0.0170099037005533,0.0507147788036402,0.0825613258172682,0.106777830067772,0.173600000151159,0.206808281915395,0.0170099037005533,0.0507147788036402,0.0825613258172682,0.106777830067772,0.173600000151159,0.206808281915395,0.25,1
10.98,10.348,1.20048,0.2,0.0163213753449676,0.0646490745874026,0.100688052917777,0.15096773833617,0.186132317861534,0.213056018313023,0.0163213753449676,0.0646490745874026,0.100688052917777,0.15096773833617,0.186132317861534,0.213056018313023,0.0163213753449676,0.0646490745874026,0.100688052917777,0.15096773833617,0.186132317861534,0.213056018313023,0.25,1
7.62,18.18,1.13392,0.2,0.0139607066972451,0.0591846448682801,0.0819904052786695,0.146824934436008,0.178656900279907,0.185387471409243,0.0139607066972451,0.0591846448682801,0.0819904052786695,0.146824934436008,0.178656900279907,0.185387471409243,0.0139607066972451,0.0591846448682801,0.0819904052786695,0.146824934436008,0.178656900279907,0.185387471409243,0.25,1
4.98,23.284,1.27728,0.2,0.0182885992180697,0.0631918933289699,0.0952643078010894,0.112696121353718,0.158649164987905,0.219303754710651,0.0182885992180697,0.0631918933289699,0.0952643078010894,0.112696121353718,0.158649164987905,0.219303754710651,0.0182885992180697,0.0631918933289699,0.0952643078010894,0.112696121353718,0.158649164987905,0.219303754710651,0.25,1
-5.94,20.644,1.38864,0.2,0.0156656340539336,0.0527184030339851,0.0754248190847844,0.119600794520656,0.174699326266104,0.240129542702743,0.0156656340539336,0.0527184030339851,0.0754248190847844,0.119600794520656,0.174699326266104,0.240129542702743,0.0156656340539336,0.0527184030339851,0.0754248190847844,0.119600794520656,0.174699326266104,0.240129542702743,0.25,1
11.82,16.244,1.21072,0.2,0.0175017096688289,0.0514433694328565,0.107396369246312,0.14327395966444,0.176897978495994,0.182709870095974,0.0175017096688289,0.0514433694328565,0.107396369246312,0.14327395966444,0.176897978495994,0.182709870095974,0.0175017096688289,0.0514433694328565,0.107396369246312,0.14327395966444,0.176897978495994,0.182709870095974,0.25,1
-5.82,24.868,1.1352,0.2,0.0191738499609656,0.048164711601383,0.107967289784911,0.138539326635683,0.14831549950742,0.229121626192637,0.0191738499609656,0.048164711601383,0.107967289784911,0.138539326635683,0.14831549950742,0.229121626192637,0.0191738499609656,0.048164711601383,0.107967289784911,0.138539326635683,0.14831549950742,0.229121626192637,0.25,1
2.7,20.292,1.34128,0.2,0.016714820119588,0.0569988729806311,0.093694276319943,0.114471608739502,0.144577790716607,0.187172538951422,0.016714820119588,0.0569988729806311,0.093694276319943,0.114471608739502,0.144577790716607,0.187172538951422,0.016714820119588,0.0569988729806311,0.093694276319943,0.114471608739502,0.144577790716607,0.187172538951422,0.25,1
-9.54,18.444,1.308,0.2,0.0164525236031744,0.0538112889778096,0.078279421777778,0.150770461959972,0.170521887029312,0.222873889795009,0.0164525236031744,0.0538112889778096,0.078279421777778,0.150770461959972,0.170521887029312,0.222873889795009,0.0164525236031744,0.0538112889778096,0.078279421777778,0.150770461959972,0.170521887029312,0.222873889795009,0.25,1
4.14,19.324,1.24272,0.2,0.0217312409959983,0.0651044437306628,0.0767093902966315,0.143668512416837,0.171841078367247,0.2207913109958,0.0217312409959983,0.0651044437306628,0.0767093902966315,0.143668512416837,0.171841078367247,0.2207913109958,0.0217312409959983,0.0651044437306628,0.0767093902966315,0.143668512416837,0.171841078367247,0.2207913109958,0.25,1
9.54,19.588,1.36688,0.2,0.01386234550359,0.0491665237165555,0.0926951653773953,0.147614039940801,0.151833343075245,0.213948552084113,0.01386234550359,0.0491665237165555,0.0926951653773953,0.147614039940801,0.151833343075245,0.213948552084113,0.01386234550359,0.0491665237165555,0.0926951653773953,0.147614039940801,0.151833343075245,0.213948552084113,0.25,1
13.38,20.82,1.22864,0.2,0.0204853325430337,0.0582739065817597,0.0778512313738289,0.105791448186781,0.155790917089047,0.210080905742724,0.0204853325430337,0.0582739065817597,0.0778512313738289,0.105791448186781,0.155790917089047,0.210080905742724,0.0204853325430337,0.0582739065817597,0.0778512313738289,0.105791448186781,0.155790917089047,0.210080905742724,0.25,1
4.86,7.092,1.14544,0.2,0.0184197474762765,0.0536291413205055,0.0882705312032553,0.106383277315376,0.156230647535025,0.206213259401335,0.0184197474762765,0.0536291413205055,0.0882705312032553,0.106383277315376,0.156230647535025,0.206213259401335,0.0184197474762765,0.0536291413205055,0.0882705312032553,0.106383277315376,0.156230647535025,0.206213259401335,0.25,1
-11.94,14.572,1.30544,0.2,0.0144852997300723,0.0467986041716024,0.0801349135282237,0.121770834658836,0.184153530854632,0.240427053959773,0.0144852997300723,0.0467986041716024,0.0801349135282237,0.121770834658836,0.184153530854632,0.240427053959773,0.0144852997300723,0.0467986041716024,0.0801349135282237,0.121770834658836,0.184153530854632,0.240427053959773,0.25,1
5.82,21.26,1.3656,0.2,0.0156328469893819,0.0529916245199412,0.107681829515611,0.110920633967935,0.168982830468389,0.185089960152213,0.0156328469893819,0.0529916245199412,0.107681829515611,0.110920633967935,0.168982830468389,0.185089960152213,0.0156328469893819,0.0529916245199412,0.107681829515611,0.110920633967935,0.168982830468389,0.185089960152213,0.25,1
14.82,3.66,1.11472,0.2,0.0143541514718655,0.0621900812137975,0.0804203737975231,0.123151769292223,0.142159273263727,0.227634069907488,0.0143541514718655,0.0621900812137975,0.0804203737975231,0.123151769292223,0.142159273263727,0.227634069907488,0.0143541514718655,0.0621900812137975,0.0804203737975231,0.123151769292223,0.142159273263727,0.227634069907488,0.25,1
-0.780000000000001,20.204,1.23248,0.2,0.0152066151502098,0.0609150476126689,0.105683607630516,0.126900020439989,0.184813126523599,0.241914610244922,0.0152066151502098,0.0609150476126689,0.105683607630516,0.126900020439989,0.184813126523599,0.241914610244922,0.0152066151502098,0.0609150476126689,0.105683607630516,0.126900020439989,0.184813126523599,0.241914610244922,0.25,1
14.46,14.396,1.29776,0.2,0.0177640061852425,0.0559059870368066,0.106111798034465,0.121376281906439,0.152273073521223,0.227039047393428,0.0177640061852425,0.0559059870368066,0.106111798034465,0.121376281906439,0.152273073521223,0.227039047393428,0.0177640061852425,0.0559059870368066,0.106111798034465,0.121376281906439,0.152273073521223,0.227039047393428,0.25,1
-10.14,20.468,1.15056,0.2,0.0213377962213779,0.0648312222447067,0.0855586586449115,0.118614412639665,0.157989569318938,0.215436108369262,0.0213377962213779,0.0648312222447067,0.0855586586449115,0.118614412639665,0.157989569318938,0.215436108369262,0.0213377962213779,0.0648312222447067,0.0855586586449115,0.118614412639665,0.157989569318938,0.215436108369262,0.25,1
5.1,24.604,1.16592,0.2,0.0216328798023432,0.0614614905845811,0.0745684382768864,0.151559567464765,0.155351186643069,0.244294700301162,0.0216328798023432,0.0614614905845811,0.0745684382768864,0.151559567464765,0.155351186643069,0.244294700301162,0.0216328798023432,0.0614614905845811,0.0745684382768864,0.151559567464765,0.155351186643069,0.244294700301162,0.25,1
1.98,8.852,1.1608,0.2,0.0386099964383449,0.116912108478128,0.157129764094155,0.230915981240987,0.387215470886321,0.492754558200742,0.0386099964383449,0.116912108478128,0.157129764094155,0.230915981240987,0.387215470886321,0.492754558200742,0.0386099964383449,0.116912108478128,0.157129764094155,0.230915981240987,0.387215470886321,0.492754558200742,0.5,1
0.780000000000001,8.324,1.31696,0.2,0.0336919367555897,0.117094256135432,0.191099536140778,0.274316784004592,0.288276120541257,0.38803059572622,0.0336919367555897,0.117094256135432,0.191099536140778,0.274316784004592,0.288276120541257,0.38803059572622,0.0336919367555897,0.117094256135432,0.191099536140778,0.274316784004592,0.288276120541257,0.38803059572622,0.5,1
-8.22,10.524,1.17232,0.2,0.0431346113464797,0.0976044568038946,0.207941692029439,0.217895740411905,0.350717843870142,0.49751473831322,0.0431346113464797,0.0976044568038946,0.207941692029439,0.217895740411905,0.350717843870142,0.49751473831322,0.0431346113464797,0.0976044568038946,0.207941692029439,0.217895740411905,0.350717843870142,0.49751473831322,0.5,1
7.74,24.164,1.37712,0.2,0.0384132740510347,0.104708215438754,0.164266270826638,0.227365006469419,0.319057251759722,0.401121091035535,0.0384132740510347,0.104708215438754,0.164266270826638,0.227365006469419,0.319057251759722,0.401121091035535,0.0384132740510347,0.104708215438754,0.164266270826638,0.227365006469419,0.319057251759722,0.401121091035535,0.5,1
-7.02,9.38,1.39632,0.2,0.037495236243587,0.104890363096058,0.169404555674027,0.243147116565275,0.298389920798753,0.383270415613741,0.037495236243587,0.104890363096058,0.169404555674027,0.243147116565275,0.298389920798753,0.383270415613741,0.037495236243587,0.104890363096058,0.169404555674027,0.243147116565275,0.298389920798753,0.383270415613741,0.5,1
11.1,15.892,1.148,0.2,0.037823106889104,0.092140027084772,0.213079976876828,0.296411738138791,0.336646469598844,0.364824717677888,0.037823106889104,0.092140027084772,0.213079976876828,0.296411738138791,0.336646469598844,0.364824717677888,0.037823106889104,0.092140027084772,0.213079976876828,0.296411738138791,0.336646469598844,0.364824717677888,0.5,1
-4.14,7.268,1.12368,0.2,0.032773898948142,0.103797477152233,0.212509056338229,0.274711336756988,0.36698787037133,0.372560010360665,0.032773898948142,0.103797477152233,0.212509056338229,0.274711336756988,0.36698787037133,0.372560010360665,0.032773898948142,0.103797477152233,0.212509056338229,0.274711336756988,0.36698787037133,0.372560010360665,0.5,1
-0.0600000000000005,6.74,1.11216,0.2,0.0288394512019379,0.0928686177139884,0.174828300790714,0.253010935375186,0.316858599529831,0.466573567582111,0.0288394512019379,0.0928686177139884,0.174828300790714,0.253010935375186,0.316858599529831,0.466573567582111,0.0288394512019379,0.0928686177139884,0.174828300790714,0.253010935375186,0.316858599529831,0.466573567582111,0.5,1
4.26,11.052,1.25552,0.2,0.0301509337840059,0.0872220403375618,0.19452505937237,0.21079379086877,0.362150835465572,0.449912937188437,0.0301509337840059,0.0872220403375618,0.19452505937237,0.21079379086877,0.362150835465572,0.449912937188437,0.0301509337840059,0.0872220403375618,0.19452505937237,0.21079379086877,0.362150835465572,0.449912937188437,0.5,1
10.26,17.3,1.40784,0.2,0.0325116024317284,0.089954255197123,0.206514390682943,0.288520683090863,0.346320539410362,0.417186698915149,0.0325116024317284,0.089954255197123,0.206514390682943,0.288520683090863,0.346320539410362,0.417186698915149,0.0325116024317284,0.089954255197123,0.206514390682943,0.288520683090863,0.346320539410362,0.417186698915149,0.5,1
13.02,24.076,1.2952,0.2,0.0370362173398632,0.0948722419443333,0.187674012909185,0.251038171613204,0.33312862603102,0.457053207357154,0.0370362173398632,0.0948722419443333,0.187674012909185,0.251038171613204,0.33312862603102,0.457053207357154,0.0370362173398632,0.0948722419443333,0.187674012909185,0.251038171613204,0.33312862603102,0.457053207357154,0.5,1
-1.62,13.252,1.41296,0.2,0.0297574890093855,0.0956008325735496,0.15027871763097,0.305881004196305,0.391173044900124,0.502274918425698,0.0297574890093855,0.0956008325735496,0.15027871763097,0.305881004196305,0.391173044900124,0.502274918425698,0.0297574890093855,0.0956008325735496,0.15027871763097,0.305881004196305,0.391173044900124,0.502274918425698,0.5,1
10.62,3.396,1.17104,0.2,0.0348066969503475,0.0883149262813863,0.148565956015174,0.271160361985421,0.322575095327546,0.382675393099681,0.0348066969503475,0.0883149262813863,0.148565956015174,0.271160361985421,0.322575095327546,0.382675393099681,0.0348066969503475,0.0883149262813863,0.148565956015174,0.271160361985421,0.322575095327546,0.382675393099681,0.5,1
11.34,12.9,1.2632,0.2,0.0362493277906224,0.122740833511858,0.217361880916318,0.245514433079654,0.37622220973687,0.423136924055747,0.0362493277906224,0.122740833511858,0.217361880916318,0.245514433079654,0.37622220973687,0.423136924055747,0.0362493277906224,0.122740833511858,0.217361880916318,0.245514433079654,0.37622220973687,0.423136924055747,0.5,1
8.1,22.668,1.16976,0.2,0.0407739426987572,0.109626202185964,0.188815853986383,0.255378251889564,0.357753531005791,0.46895365763835,0.0407739426987572,0.109626202185964,0.188815853986383,0.255378251889564,0.357753531005791,0.46895365763835,0.0407739426987572,0.109626202185964,0.188815853986383,0.255378251889564,0.357753531005791,0.46895365763835,0.5,1
12.18,5.068,1.40016,0.2,0.0391345894711721,0.104343920124146,0.205943470144344,0.291677105110034,0.371385174831111,0.392195753324638,0.0391345894711721,0.104343920124146,0.205943470144344,0.291677105110034,0.371385174831111,0.392195753324638,0.0391345894711721,0.104343920124146,0.205943470144344,0.291677105110034,0.371385174831111,0.392195753324638,0.5,1
-10.02,22.404,1.22352,0.2,0.0352657158540713,0.115637074876999,0.175113761060014,0.22499768995504,0.314220216853963,0.41302154131673,0.0352657158540713,0.115637074876999,0.175113761060014,0.22499768995504,0.314220216853963,0.41302154131673,0.0352657158540713,0.115637074876999,0.175113761060014,0.22499768995504,0.314220216853963,0.41302154131673,0.5,1
1.26,19.412,1.14032,0.2,0.0310033974623502,0.107986873270227,0.209368993375936,0.304302793186719,0.332688895585042,0.505250030995997,0.0310033974623502,0.107986873270227,0.209368993375936,0.304302793186719,0.332688895585042,0.505250030995997,0.0310033974623502,0.107986873270227,0.209368993375936,0.304302793186719,0.332688895585042,0.505250030995997,0.5,1
7.14,7.444,1.15952,0.2,0.0320525835280046,0.115819222534303,0.171688237828422,0.265242070699474,0.312901025516029,0.400526068521475,0.0320525835280046,0.115819222534303,0.171688237828422,0.265242070699474,0.312901025516029,0.400526068521475,0.0320525835280046,0.115819222534303,0.171688237828422,0.265242070699474,0.312901025516029,0.400526068521475,0.5,1
-2.46,14.484,1.12624,0.2,0.0349378452085543,0.0966937185173742,0.182535728061797,0.270765809233024,0.285198007419411,0.424326969083866,0.0349378452085543,0.0966937185173742,0.182535728061797,0.270765809233024,0.285198007419411,0.424326969083866,0.0349378452085543,0.0966937185173742,0.182535728061797,0.270765809233024,0.285198007419411,0.424326969083866,0.5,1
6.42,19.94,1.25808,0.2,0.0385444223092415,0.120555061624209,0.187103092370587,0.288126130338466,0.340164313166669,0.402906158577714,0.0385444223092415,0.120555061624209,0.187103092370587,0.288126130338466,0.340164313166669,0.402906158577714,0.0385444223092415,0.120555061624209,0.187103092370587,0.288126130338466,0.340164313166669,0.402906158577714,0.5,1
0.9,8.06,1.13904,0.2,0.0359214571451054,0.12237653819725,0.210796294722433,0.300357265662755,0.308503721056248,0.409451406232372,0.0359214571451054,0.12237653819725,0.210796294722433,0.300357265662755,0.308503721056248,0.409451406232372,0.0359214571451054,0.12237653819725,0.210796294722433,0.300357265662755,0.308503721056248,0.409451406232372,0.5,1
-8.7,13.604,1.17488,0.2,0.0402493496659299,0.124198014770291,0.21650550010842,0.30864287346308,0.313340755962007,0.411236473774551,0.0402493496659299,0.124198014770291,0.21650550010842,0.30864287346308,0.313340755962007,0.411236473774551,0.0402493496659299,0.124198014770291,0.21650550010842,0.30864287346308,0.313340755962007,0.411236473774551,0.5,1
-6.78,24.516,1.13264,0.2,0.036511624307036,0.103979624809538,0.149993257361671,0.238807036288915,0.295751538122884,0.427302081654165,0.036511624307036,0.103979624809538,0.149993257361671,0.238807036288915,0.295751538122884,0.427302081654165,0.036511624307036,0.103979624809538,0.149993257361671,0.238807036288915,0.295751538122884,0.427302081654165,0.5,1
8.94,9.732,1.28752,0.2,0.0437903526375137,0.119644323337689,0.161411668133645,0.210399238116373,0.294872077230928,0.484424243003905,0.0437903526375137,0.119644323337689,0.161411668133645,0.210399238116373,0.294872077230928,0.484424243003905,0.0437903526375137,0.119644323337689,0.161411668133645,0.210399238116373,0.294872077230928,0.484424243003905,0.5,1
14.94,3.044,1.16336,0.2,0.0302165079131093,0.129844592146718,0.178253824022307,0.262085648680303,0.291354233663104,0.389220640754339,0.0302165079131093,0.129844592146718,0.178253824022307,0.262085648680303,0.291354233663104,0.389220640754339,0.0302165079131093,0.129844592146718,0.178253824022307,0.262085648680303,0.291354233663104,0.389220640754339,0.5,1
2.94,15.452,1.35664,0.2,0.031790287011591,0.113633450646654,0.189101314255682,0.306670109701098,0.325213478003415,0.492159535686682,0.031790287011591,0.113633450646654,0.189101314255682,0.306670109701098,0.325213478003415,0.492159535686682,0.031790287011591,0.113633450646654,0.189101314255682,0.306670109701098,0.325213478003415,0.492159535686682,0.5,1
6.18,15.1,1.2376,0.2,0.0281837099109039,0.0961472755454619,0.208512612568038,0.234861508764951,0.334008086922976,0.433847329308823,0.0281837099109039,0.0961472755454619,0.208512612568038,0.234861508764951,0.334008086922976,0.433847329308823,0.0281837099109039,0.0961472755454619,0.208512612568038,0.234861508764951,0.334008086922976,0.433847329308823,0.5,1
-7.74,10.876,1.23888,0.2,0.0345444004339339,0.124015867112987,0.150564177900269,0.284575155566899,0.290914503217126,0.486804333060144,0.0345444004339339,0.124015867112987,0.150564177900269,0.284575155566899,0.290914503217126,0.486804333060144,0.0345444004339339,0.124015867112987,0.150564177900269,0.284575155566899,0.290914503217126,0.486804333060144,0.5,1
4.38,17.828,1.2504,0.2,0.0315935646242808,0.100154524006152,0.169975476212625,0.214739318392734,0.390293584008168,0.462408409983693,0.0315935646242808,0.100154524006152,0.169975476212625,0.214739318392734,0.390293584008168,0.462408409983693,0.0315935646242808,0.100154524006152,0.169975476212625,0.214739318392734,0.390293584008168,0.462408409983693,0.5,1
-5.34,19.676,1.34,0.2,0.0351345675958645,0.127112377287156,0.169119095404727,0.273133125747403,0.388534662224255,0.429682171710404,0.0351345675958645,0.127112377287156,0.169119095404727,0.273133125747403,0.388534662224255,0.429682171710404,0.0351345675958645,0.127112377287156,0.169119095404727,0.273133125747403,0.388534662224255,0.429682171710404,0.5,1
1.74,7.884,1.29392,0.2,0.0285115805564209,0.0945079466297251,0.170831857020524,0.250643618860807,0.317738060421787,0.383865438127801,0.0285115805564209,0.0945079466297251,0.170831857020524,0.250643618860807,0.317738060421787,0.383865438127801,0.0285115805564209,0.0945079466297251,0.170831857020524,0.250643618860807,0.317738060421787,0.383865438127801,0.5,1
4.02,11.668,1.116,0.2,0.032446028302625,0.115090631905087,0.158842525709951,0.259718332165925,0.370945444385133,0.49572967077104,0.032446028302625,0.115090631905087,0.158842525709951,0.259718332165925,0.370945444385133,0.49572967077104,0.032446028302625,0.115090631905087,0.158842525709951,0.259718332165925,0.370945444385133,0.49572967077104,0.5,1
-5.1,14.132,1.33232,0.2,0.0342165297884169,0.128387410888285,0.205372549605745,0.279840522538142,0.341483504504603,0.4963246932851,0.0342165297884169,0.128387410888285,0.205372549605745,0.279840522538142,0.341483504504603,0.4963246932851,0.0342165297884169,0.128387410888285,0.205372549605745,0.279840522538142,0.341483504504603,0.4963246932851,0.5,1
11.22,7.796,1.32592,0.2,0.0384788481801381,0.127658820259068,0.173115539174918,0.246698091336843,0.385896279548387,0.490374468144502,0.0384788481801381,0.127658820259068,0.173115539174918,0.246698091336843,0.385896279548387,0.490374468144502,0.0384788481801381,0.127658820259068,0.173115539174918,0.246698091336843,0.385896279548387,0.490374468144502,0.5,1
-11.1,21.348,1.33488,0.2,0.0377575327600006,0.121283652253426,0.204801629067147,0.229337770231401,0.292673425001038,0.47073872518053,0.0377575327600006,0.121283652253426,0.204801629067147,0.229337770231401,0.292673425001038,0.47073872518053,0.0377575327600006,0.121283652253426,0.204801629067147,0.229337770231401,0.292673425001038,0.47073872518053,0.5,1
0.0600000000000005,22.58,1.41552,0.2,0.0296263407511787,0.125837343686028,0.198236042873261,0.270371256480628,0.370505713939155,0.448722892160318,0.0296263407511787,0.125837343686028,0.198236042873261,0.270371256480628,0.370505713939155,0.448722892160318,0.0296263407511787,0.125837343686028,0.198236042873261,0.270371256480628,0.370505713939155,0.448722892160318,0.5,1
-6.3,18.004,1.34384,0.2,0.0380198292764143,0.102340295893801,0.175970141867912,0.264847517947078,0.301907764366577,0.393385798352758,0.0380198292764143,0.102340295893801,0.175970141867912,0.264847517947078,0.301907764366577,0.393385798352758,0.0380198292764143,0.102340295893801,0.175970141867912,0.264847517947078,0.301907764366577,0.393385798352758,0.5,1
-11.58,23.372,1.23376,0.2,0.0346099745630373,0.103068886523017,0.149422336823072,0.254589146384771,0.345880808964383,0.406476293662073,0.0346099745630373,0.103068886523017,0.149422336823072,0.254589146384771,0.345880808964383,0.406476293662073,0.0346099745630373,0.103068886523017,0.149422336823072,0.254589146384771,0.345880808964383,0.406476293662073,0.5,1
3.42,17.74,1.2184,0.2,0.031462416366074,0.106893987326403,0.168833635135428,0.23604516702214,0.3194969822057,0.367799830248187,0.031462416366074,0.106893987326403,0.168833635135428,0.23604516702214,0.3194969822057,0.367799830248187,0.031462416366074,0.106893987326403,0.168833635135428,0.23604516702214,0.3194969822057,0.367799830248187,0.5,1
-8.46,13.956,1.39248,0.2,0.041888702893515,0.0874041879948659,0.153133320323964,0.231310533993383,0.35115757431612,0.446937824618138,0.041888702893515,0.0874041879948659,0.153133320323964,0.231310533993383,0.35115757431612,0.446937824618138,0.041888702893515,0.0874041879948659,0.153133320323964,0.231310533993383,0.35115757431612,0.446937824618138,0.5,1
-13.74,11.756,1.20432,0.2,0.0412985357315844,0.129116001517501,0.155987923016957,0.277473206023763,0.354235687437967,0.368394852762247,0.0412985357315844,0.129116001517501,0.155987923016957,0.277473206023763,0.354235687437967,0.368394852762247,0.0412985357315844,0.129116001517501,0.155987923016957,0.277473206023763,0.354235687437967,0.368394852762247,0.5,1
-12.66,15.628,1.36432,0.2,0.0422821476681354,0.120919356938817,0.189386774524981,0.282996944557313,0.352037035208076,0.418971766457328,0.0422821476681354,0.120919356938817,0.189386774524981,0.282996944557313,0.352037035208076,0.418971766457328,0.0422821476681354,0.120919356938817,0.189386774524981,0.282996944557313,0.352037035208076,0.418971766457328,0.5,1
-10.86,17.476,1.18128,0.2,0.0291017477183515,0.0884970739386904,0.197950582603962,0.212372001878355,0.348079461194274,0.510010211108475,0.0291017477183515,0.0884970739386904,0.197950582603962,0.212372001878355,0.348079461194274,0.510010211108475,0.0291017477183515,0.0884970739386904,0.197950582603962,0.212372001878355,0.348079461194274,0.510010211108475,0.5,1
-13.98,16.86,1.37328,0.2,0.0356591606286918,0.113087007674742,0.188244933447784,0.285364261071691,0.321255903989612,0.479664062891426,0.0356591606286918,0.113087007674742,0.188244933447784,0.285364261071691,0.321255903989612,0.479664062891426,0.0356591606286918,0.113087007674742,0.188244933447784,0.285364261071691,0.321255903989612,0.479664062891426,0.5,1
-3.78,8.676,1.372,0.2,0.0366427725652428,0.128205263230981,0.16340989001874,0.259323779413528,0.374463287952957,0.436227419365062,0.0366427725652428,0.128205263230981,0.16340989001874,0.259323779413528,0.374463287952957,0.436227419365062,0.0366427725652428,0.128205263230981,0.16340989001874,0.259323779413528,0.374463287952957,0.436227419365062,0.5,1
14.58,4.452,1.4168,0.2,0.0413641098606878,0.11436204127587,0.191384996410077,0.308248320710683,0.334887547814932,0.417781721429209,0.0413641098606878,0.11436204127587,0.191384996410077,0.308248320710683,0.334887547814932,0.417781721429209,0.0413641098606878,0.11436204127587,0.191384996410077,0.308248320710683,0.334887547814932,0.417781721429209,0.5,1
-0.300000000000001,4.716,1.41936,0.2,0.0333640661100727,0.126201639000636,0.167406333788931,0.269187598223439,0.377981131520782,0.504655008481937,0.0333640661100727,0.126201639000636,0.167406333788931,0.269187598223439,0.377981131520782,0.504655008481937,0.0333640661100727,0.126201639000636,0.167406333788931,0.269187598223439,0.377981131520782,0.504655008481937,0.5,1
-10.26,13.692,1.20304,0.2,0.0332329178518659,0.13130177340515,0.192526837487274,0.267214834461456,0.38985385356219,0.393980820866817,0.0332329178518659,0.13130177340515,0.192526837487274,0.267214834461456,0.38985385356219,0.393980820866817,0.0332329178518659,0.13130177340515,0.192526837487274,0.267214834461456,0.38985385356219,0.393980820866817,0.5,1
-3.3,16.596,1.26064,0.2,0.0306099526877298,0.0968758661746782,0.218218261724216,0.236834272526933,0.370065983493177,0.41480660885891,0.0306099526877298,0.0968758661746782,0.218218261724216,0.236834272526933,0.370065983493177,0.41480660885891,0.0306099526877298,0.0968758661746782,0.218218261724216,0.236834272526933,0.370065983493177,0.41480660885891,0.5,1
13.5,7.18,1.21328,0.2,0.0496526543904886,0.142854805888412,0.267808926437409,0.451719556751322,0.435052563487755,0.656126196589772,0.0496526543904886,0.142854805888412,0.267808926437409,0.451719556751322,0.435052563487755,0.656126196589772,0.0496526543904886,0.142854805888412,0.267808926437409,0.451719556751322,0.435052563487755,0.656126196589772,0.75,1
-3.54,10.7,1.30672,0.2,0.0511280722953151,0.196406217135813,0.248968548663652,0.46178065193743,0.522778787460378,0.577583224733881,0.0511280722953151,0.196406217135813,0.248968548663652,0.46178065193743,0.522778787460378,0.577583224733881,0.0511280722953151,0.196406217135813,0.248968548663652,0.46178065193743,0.522778787460378,0.577583224733881,0.75,1
10.5,23.196,1.2568,0.2,0.0556526872034499,0.176734270146972,0.27637273451639,0.361169700076345,0.470670729611978,0.667729135613938,0.0556526872034499,0.176734270146972,0.27637273451639,0.361169700076345,0.470670729611978,0.667729135613938,0.0556526872034499,0.176734270146972,0.27637273451639,0.361169700076345,0.470670729611978,0.667729135613938,0.75,1
2.46,17.652,1.29904,0.2,0.0523084066191764,0.191761451874559,0.295641302694096,0.373006282648238,0.523438383129345,0.566872819480805,0.0523084066191764,0.191761451874559,0.295641302694096,0.373006282648238,0.523438383129345,0.566872819480805,0.0523084066191764,0.191761451874559,0.295641302694096,0.373006282648238,0.523438383129345,0.566872819480805,0.75,1
-1.26,12.988,1.10448,0.2,0.0581117170448275,0.172909169343586,0.254535023914989,0.404965055592347,0.577525227984647,0.546344542745742,0.0581117170448275,0.172909169343586,0.254535023914989,0.404965055592347,0.577525227984647,0.546344542745742,0.0581117170448275,0.172909169343586,0.254535023914989,0.404965055592347,0.577525227984647,0.546344542745742,0.75,1
-1.14,7.356,1.16848,0.2,0.0467018185808355,0.191215008902647,0.303776920369128,0.426270904221753,0.461436390246438,0.712355824168422,0.0467018185808355,0.191215008902647,0.303776920369128,0.426270904221753,0.461436390246438,0.712355824168422,0.0467018185808355,0.191215008902647,0.303776920369128,0.426270904221753,0.461436390246438,0.712355824168422,0.75,1
-11.34,23.988,1.38736,0.2,0.0414886753171149,0.152964000868789,0.287505685019064,0.418577125550023,0.430435393804985,0.665944068071759,0.0414886753171149,0.152964000868789,0.287505685019064,0.418577125550023,0.430435393804985,0.665944068071759,0.0414886753171149,0.152964000868789,0.287505685019064,0.418577125550023,0.430435393804985,0.665944068071759,0.75,1
-1.86,14.308,1.40528,0.2,0.0645051946324093,0.165805410708727,0.294356731482249,0.393720302149049,0.517502022108641,0.629350183457082,0.0645051946324093,0.165805410708727,0.294356731482249,0.393720302149049,0.517502022108641,0.629350183457082,0.0645051946324093,0.165805410708727,0.294356731482249,0.393720302149049,0.517502022108641,0.629350183457082,0.75,1
-11.82,16.068,1.32464,0.2,0.0445378723204232,0.168537625568288,0.297782254713841,0.371230795262454,0.457478816232636,0.66326646675849,0.0445378723204232,0.168537625568288,0.297782254713841,0.371230795262454,0.457478816232636,0.66326646675849,0.0445378723204232,0.168537625568288,0.297782254713841,0.371230795262454,0.457478816232636,0.66326646675849,0.75,1
-3.66,18.532,1.26704,0.2,0.0560461319780703,0.142581584402456,0.238691978968875,0.431597366379105,0.563673718936338,0.647200858878876,0.0560461319780703,0.142581584402456,0.238691978968875,0.431597366379105,0.563673718936338,0.647200858878876,0.0560461319780703,0.142581584402456,0.238691978968875,0.431597366379105,0.563673718936338,0.647200858878876,0.75,1
-3.06,8.588,1.38608,0.2,0.0590953289813786,0.131652724964211,0.302920539561229,0.332170072775209,0.435712159156722,0.570442954565163,0.0590953289813786,0.131652724964211,0.302920539561229,0.332170072775209,0.435712159156722,0.570442954565163,0.0590953289813786,0.131652724964211,0.302920539561229,0.332170072775209,0.435712159156722,0.570442954565163,0.75,1
7.5,21.436,1.27088,0.2,0.042472287253666,0.138483262113114,0.23226912290964,0.449944069365538,0.506288895736201,0.613284575577468,0.042472287253666,0.138483262113114,0.23226912290964,0.449944069365538,0.506288895736201,0.613284575577468,0.042472287253666,0.138483262113114,0.23226912290964,0.449944069365538,0.506288895736201,0.613284575577468,0.75,1
-1.98,6.212,1.3592,0.2,0.0458165678379395,0.137117154683334,0.26309883199397,0.386618352605914,0.423839437115314,0.766800384204892,0.0458165678379395,0.137117154683334,0.26309883199397,0.386618352605914,0.423839437115314,0.766800384204892,0.0458165678379395,0.137117154683334,0.26309883199397,0.386618352605914,0.423839437115314,0.766800384204892,0.75,1
-12.06,15.012,1.33104,0.2,0.0632264991148929,0.134111718337816,0.250253119875499,0.326251781489263,0.491118195349957,0.569550420794074,0.0632264991148929,0.134111718337816,0.250253119875499,0.326251781489263,0.491118195349957,0.569550420794074,0.0632264991148929,0.134111718337816,0.250253119875499,0.326251781489263,0.491118195349957,0.569550420794074,0.75,1
9.78,24.34,1.244,0.2,0.0610625528544806,0.146133463719886,0.24982492947155,0.354659579661804,0.561035336260469,0.657018730360862,0.0610625528544806,0.146133463719886,0.24982492947155,0.354659579661804,0.561035336260469,0.657018730360862,0.0610625528544806,0.146133463719886,0.24982492947155,0.354659579661804,0.561035336260469,0.657018730360862,0.75,1
11.58,19.236,1.10832,0.2,0.0461116514189048,0.135204604281641,0.25838873755053,0.362945187462129,0.539268679184555,0.669514203156118,0.0461116514189048,0.135204604281641,0.25838873755053,0.362945187462129,0.539268679184555,0.669514203156118,0.0461116514189048,0.135204604281641,0.25838873755053,0.362945187462129,0.539268679184555,0.669514203156118,0.75,1
5.94,24.78,1.30416,0.2,0.0425706484473211,0.13028661753443,0.296497683501994,0.460596993680241,0.539928274853522,0.69004247989118,0.0425706484473211,0.13028661753443,0.296497683501994,0.460596993680241,0.539928274853522,0.69004247989118,0.0425706484473211,0.13028661753443,0.296497683501994,0.460596993680241,0.539928274853522,0.69004247989118,0.75,1
2.34,9.292,1.2888,0.2,0.0423739260600109,0.152690779382833,0.243402073412314,0.416801638164239,0.544545444536292,0.713248357939512,0.0423739260600109,0.152690779382833,0.243402073412314,0.416801638164239,0.544545444536292,0.713248357939512,0.0423739260600109,0.152690779382833,0.243402073412314,0.416801638164239,0.544545444536292,0.713248357939512,0.75,1
2.22,19.5,1.23504,0.2,0.0569313827209663,0.135751047253553,0.300351397137535,0.34519031360429,0.497054556370661,0.640060588710158,0.0569313827209663,0.135751047253553,0.300351397137535,0.34519031360429,0.497054556370661,0.640060588710158,0.0569313827209663,0.135751047253553,0.300351397137535,0.34519031360429,0.497054556370661,0.640060588710158,0.75,1
-6.54,8.236,1.41808,0.2,0.0484723200666273,0.156789101672175,0.277229115324288,0.436923828536456,0.548503018550094,0.660588865445221,0.0484723200666273,0.156789101672175,0.277229115324288,0.436923828536456,0.548503018550094,0.660588865445221,0.0484723200666273,0.156789101672175,0.277229115324288,0.436923828536456,0.548503018550094,0.660588865445221,0.75,1
13.26,16.42,1.37968,0.2,0.0585051618194479,0.13739037616929,0.236122836545181,0.423903587707375,0.545205040205259,0.627565115914903,0.0585051618194479,0.13739037616929,0.236122836545181,0.423903587707375,0.545205040205259,0.627565115914903,0.0585051618194479,0.13739037616929,0.236122836545181,0.423903587707375,0.545205040205259,0.627565115914903,0.75,1
7.26,19.852,1.24144,0.2,0.0536854633303478,0.1690840685402,0.287933875423013,0.455862360651484,0.547843422881127,0.671299270698297,0.0536854633303478,0.1690840685402,0.287933875423013,0.455862360651484,0.547843422881127,0.671299270698297,0.0536854633303478,0.1690840685402,0.287933875423013,0.455862360651484,0.547843422881127,0.671299270698297,0.75,1
13.86,6.036,1.36944,0.2,0.0553576036224846,0.161707088419385,0.232697313313589,0.373598111776832,0.44296771151536,0.700752885144256,0.0553576036224846,0.161707088419385,0.232697313313589,0.373598111776832,0.44296771151536,0.700752885144256,0.0553576036224846,0.161707088419385,0.232697313313589,0.373598111776832,0.44296771151536,0.700752885144256,0.75,1
-3.18,18.092,1.276,0.2,0.0606691080798602,0.167171518138507,0.290074827442759,0.367679820490886,0.460776794577471,0.592756298842405,0.0606691080798602,0.167171518138507,0.290074827442759,0.367679820490886,0.460776794577471,0.592756298842405,0.0606691080798602,0.167171518138507,0.290074827442759,0.367679820490886,0.460776794577471,0.592756298842405,0.75,1
1.86,5.244,1.24016,0.2,0.0636199438895134,0.178100377576753,0.228843599678047,0.377740915676995,0.43835054183259,0.602574170324392,0.0636199438895134,0.178100377576753,0.228843599678047,0.377740915676995,0.43835054183259,0.602574170324392,0.0636199438895134,0.178100377576753,0.228843599678047,0.377740915676995,0.43835054183259,0.602574170324392,0.75,1
4.62,23.02,1.17872,0.2,0.0530952961684172,0.131379503478255,0.269521688053205,0.401414080820779,0.537949487846621,0.723958763192588,0.0530952961684172,0.131379503478255,0.269521688053205,0.401414080820779,0.537949487846621,0.723958763192588,0.0530952961684172,0.131379503478255,0.269521688053205,0.401414080820779,0.537949487846621,0.723958763192588,0.75,1
1.14,23.46,1.10576,0.2,0.0654888065689603,0.148865678579447,0.243830263816263,0.328027268875047,0.54718382721216,0.652556061505414,0.0654888065689603,0.148865678579447,0.243830263816263,0.328027268875047,0.54718382721216,0.652556061505414,0.0654888065689603,0.148865678579447,0.243830263816263,0.328027268875047,0.54718382721216,0.652556061505414,0.75,1
3.9,15.54,1.3528,0.2,0.0574231886892418,0.162799974363209,0.255819595126836,0.451127727622727,0.4541808378878,0.591863765071316,0.0574231886892418,0.162799974363209,0.255819595126836,0.451127727622727,0.4541808378878,0.591863765071316,0.0574231886892418,0.162799974363209,0.255819595126836,0.451127727622727,0.4541808378878,0.591863765071316,0.75,1
11.94,19.06,1.3208,0.2,0.0464067349998701,0.169357290026156,0.299923206733586,0.380108232191373,0.516182830770707,0.686472344806821,0.0464067349998701,0.169357290026156,0.299923206733586,0.380108232191373,0.516182830770707,0.686472344806821,0.0464067349998701,0.169357290026156,0.299923206733586,0.380108232191373,0.516182830770707,0.686472344806821,0.75,1
-9.42,15.716,1.3976,0.2,0.0608658304671704,0.143947691832237,0.306346062792822,0.435148341150673,0.504310108729299,0.60882190672202,0.0608658304671704,0.143947691832237,0.306346062792822,0.435148341150673,0.504310108729299,0.60882190672202,0.0608658304671704,0.143947691832237,0.306346062792822,0.435148341150673,0.504310108729299,0.60882190672202,0.75,1
12.9,21.7,1.33744,0.2,0.0450296782886987,0.148319235607535,0.304205110773077,0.371822624391048,0.566312101612206,0.701645418915346,0.0450296782886987,0.148319235607535,0.304205110773077,0.371822624391048,0.566312101612206,0.701645418915346,0.0450296782886987,0.148319235607535,0.304205110773077,0.371822624391048,0.566312101612206,0.701645418915346,0.75,1
8.34,9.468,1.19664,0.2,0.0568330215273112,0.151871114924964,0.268665307245307,0.387802010863103,0.487160621336155,0.714140891710601,0.0568330215273112,0.151871114924964,0.268665307245307,0.387802010863103,0.487160621336155,0.714140891710601,0.0568330215273112,0.151871114924964,0.268665307245307,0.387802010863103,0.487160621336155,0.714140891710601,0.75,1
-2.82,21.612,1.39376,0.2,0.0641117498577889,0.178646820548665,0.280226448151931,0.394312131277644,0.431094989473952,0.589186163758047,0.0641117498577889,0.178646820548665,0.280226448151931,0.394312131277644,0.431094989473952,0.589186163758047,0.0641117498577889,0.178646820548665,0.280226448151931,0.394312131277644,0.431094989473952,0.589186163758047,0.75,1
5.34,18.356,1.39504,0.2,0.0583084394321377,0.153237222354745,0.321332726931038,0.32980275626083,0.574886845308778,0.586508562444778,0.0583084394321377,0.153237222354745,0.321332726931038,0.32980275626083,0.574886845308778,0.586508562444778,0.0583084394321377,0.153237222354745,0.321332726931038,0.32980275626083,0.574886845308778,0.586508562444778,0.75,1
-9.78,14.22,1.21584,0.2,0.0515215170699356,0.157881987615999,0.308487014812567,0.394903960406238,0.586099971681219,0.655233662818683,0.0515215170699356,0.157881987615999,0.308487014812567,0.394903960406238,0.586099971681219,0.655233662818683,0.0515215170699356,0.157881987615999,0.308487014812567,0.394903960406238,0.586099971681219,0.655233662818683,0.75,1
9.06,14.836,1.27472,0.2,0.0448329559013885,0.166351853680639,0.314481680467853,0.445801265465376,0.503650513060332,0.603466704095482,0.0448329559013885,0.166351853680639,0.314481680467853,0.445801265465376,0.503650513060332,0.603466704095482,0.0448329559013885,0.166351853680639,0.314481680467853,0.445801265465376,0.503650513060332,0.603466704095482,0.75,1
-4.62,21.876,1.3848,0.2,0.046308373806215,0.187936351071173,0.269093497649256,0.325659952360668,0.485181834329254,0.594541366384585,0.046308373806215,0.187936351071173,0.269093497649256,0.325659952360668,0.485181834329254,0.594541366384585,0.046308373806215,0.187936351071173,0.269093497649256,0.325659952360668,0.485181834329254,0.594541366384585,0.75,1
-12.3,8.148,1.15824,0.2,0.0600789409179296,0.193400780790296,0.313625299659955,0.38484286522013,0.460117198908504,0.664159000529579,0.0600789409179296,0.193400780790296,0.313625299659955,0.38484286522013,0.460117198908504,0.664159000529579,0.0600789409179296,0.193400780790296,0.313625299659955,0.38484286522013,0.460117198908504,0.664159000529579,0.75,1
0.18,23.724,1.15184,0.2,0.0588002454004132,0.180286149464402,0.249396739067601,0.386026523477319,0.439669733170524,0.758767580265085,0.0588002454004132,0.180286149464402,0.249396739067601,0.386026523477319,0.439669733170524,0.758767580265085,0.0588002454004132,0.180286149464402,0.249396739067601,0.386026523477319,0.439669733170524,0.758767580265085,0.75,1
-8.1,12.02,1.3144,0.2,0.0541772692986234,0.157608766130043,0.312340728448108,0.367087991362291,0.433073776480853,0.675761939553745,0.0541772692986234,0.157608766130043,0.312340728448108,0.367087991362291,0.433073776480853,0.675761939553745,0.0541772692986234,0.157608766130043,0.312340728448108,0.367087991362291,0.433073776480853,0.675761939553745,0.75,1
-8.34,3.572,1.34768,0.2,0.0439477051584925,0.183838028781831,0.293500350674351,0.331578243646614,0.540587870522489,0.722173695650408,0.0439477051584925,0.183838028781831,0.293500350674351,0.331578243646614,0.540587870522489,0.722173695650408,0.0439477051584925,0.183838028781831,0.293500350674351,0.331578243646614,0.540587870522489,0.722173695650408,0.75,1
-4.26,4.54,1.13776,0.2,0.0558494095907601,0.130559839020386,0.28964663703881,0.428638220736132,0.465393964260241,0.658803797903041,0.0558494095907601,0.130559839020386,0.28964663703881,0.428638220736132,0.465393964260241,0.658803797903041,0.0558494095907601,0.130559839020386,0.28964663703881,0.428638220736132,0.465393964260241,0.658803797903041,0.75,1
-4.38,17.564,1.29008,0.2,0.059488773755999,0.14722634966371,0.284508352191421,0.425087245964564,0.570269675626008,0.632027784770351,0.059488773755999,0.14722634966371,0.284508352191421,0.425087245964564,0.570269675626008,0.632027784770351,0.059488773755999,0.14722634966371,0.284508352191421,0.425087245964564,0.570269675626008,0.632027784770351,0.75,1
-10.5,9.996,1.25424,0.2,0.0596854961433092,0.192034673360515,0.260529689570276,0.402597739077968,0.427137415460149,0.595433900155674,0.0596854961433092,0.192034673360515,0.260529689570276,0.402597739077968,0.427137415460149,0.595433900155674,0.0596854961433092,0.192034673360515,0.260529689570276,0.402597739077968,0.427137415460149,0.595433900155674,0.75,1
0.42,5.508,1.1864,0.2,0.0413903141234598,0.151051450467096,0.301207777945433,0.396679447792022,0.56763129295014,0.564195218167536,0.0413903141234598,0.151051450467096,0.301207777945433,0.396679447792022,0.56763129295014,0.564195218167536,0.0413903141234598,0.151051450467096,0.301207777945433,0.396679447792022,0.56763129295014,0.564195218167536,0.75,1
-6.18,22.228,1.31056,0.2,0.0618494424037215,0.183018364323963,0.324330059758681,0.43869931592224,0.509586874081036,0.705215553999705,0.0618494424037215,0.183018364323963,0.324330059758681,0.43869931592224,0.509586874081036,0.705215553999705,0.0618494424037215,0.183018364323963,0.324330059758681,0.43869931592224,0.509586874081036,0.705215553999705,0.75,1
-12.78,20.908,1.32336,0.2,0.0621445259846868,0.163073195849166,0.321760917334987,0.324476294103479,0.466713155598175,0.610606974264199,0.0621445259846868,0.163073195849166,0.321760917334987,0.324476294103479,0.466713155598175,0.610606974264199,0.0621445259846868,0.163073195849166,0.321760917334987,0.324476294103479,0.466713155598175,0.610606974264199,0.75,1
3.3,9.116,1.29264,0.2,0.058603523013103,0.135477825767597,0.310627966832312,0.382475548705751,0.514204043763806,0.599896569011123,0.058603523013103,0.135477825767597,0.310627966832312,0.382475548705751,0.514204043763806,0.599896569011123,0.058603523013103,0.135477825767597,0.310627966832312,0.382475548705751,0.514204043763806,0.599896569011123,0.75,1
-5.22,3.22,1.27216,0.2,0.0454231230633191,0.149412121551359,0.285364732999319,0.415026150778456,0.449563668205031,0.584723494902598,0.0454231230633191,0.149412121551359,0.285364732999319,0.415026150778456,0.449563668205031,0.584723494902598,0.0454231230633191,0.149412121551359,0.285364732999319,0.415026150778456,0.449563668205031,0.584723494902598,0.75,1
-7.62,18.884,1.17744,0.2,0.0507346275206947,0.169903732998069,0.265239784013715,0.340455680575534,0.440988924508458,0.549914677830101,0.0507346275206947,0.169903732998069,0.265239784013715,0.340455680575534,0.440988924508458,0.549914677830101,0.0507346275206947,0.169903732998069,0.265239784013715,0.340455680575534,0.440988924508458,0.549914677830101,0.75,1
0.300000000000001,10.172,1.33616,0.2,0.0745970277125536,0.17917991976503,0.318826892497099,0.471301228539487,0.67065455652182,0.865378552007338,0.0745970277125536,0.17917991976503,0.318826892497099,0.471301228539487,0.67065455652182,0.865378552007338,0.0745970277125536,0.17917991976503,0.318826892497099,0.471301228539487,0.67065455652182,0.865378552007338,1,1
-13.62,10.612,1.15312,0.2,0.0550559372397396,0.187923007315626,0.421021668906267,0.436580586328603,0.624043129248145,0.859670957140033,0.0550559372397396,0.187923007315626,0.421021668906267,0.436580586328603,0.624043129248145,0.859670957140033,0.0550559372397396,0.187923007315626,0.421021668906267,0.436580586328603,0.624043129248145,0.859670957140033,1,1
-11.22,13.868,1.34256,0.2,0.0609576088590459,0.223988243461834,0.308550322802322,0.453151801929252,0.619645824788365,0.919029943760007,0.0609576088590459,0.223988243461834,0.308550322802322,0.453151801929252,0.619645824788365,0.919029943760007,0.0609576088590459,0.223988243461834,0.308550322802322,0.453151801929252,0.619645824788365,0.919029943760007,1,1
-14.22,11.404,1.22608,0.2,0.0776134376513102,0.220345290315753,0.326248859498882,0.532062352408535,0.630199355491838,0.935011209388462,0.0776134376513102,0.220345290315753,0.326248859498882,0.532062352408535,0.630199355491838,0.935011209388462,0.0776134376513102,0.220345290315753,0.326248859498882,0.532062352408535,0.630199355491838,0.935011209388462,1,1
13.74,17.388,1.11856,0.2,0.0810232923646871,0.182458577596503,0.297702832568947,0.543109829475634,0.639873425303356,0.908756272998858,0.0810232923646871,0.182458577596503,0.297702832568947,0.543109829475634,0.639873425303356,0.908756272998858,0.0810232923646871,0.182458577596503,0.297702832568947,0.543109829475634,0.639873425303356,0.908756272998858,1,1
-9.66,10.964,1.33872,0.2,0.0726298038394516,0.212695088708981,0.438720205602827,0.551789990028355,0.595020919813593,0.922454500680391,0.0726298038394516,0.212695088708981,0.438720205602827,0.551789990028355,0.595020919813593,0.922454500680391,0.0726298038394516,0.212695088708981,0.438720205602827,0.551789990028355,0.595020919813593,0.922454500680391,1,1
-12.18,9.204,1.1544,0.2,0.0583346436949098,0.20504488710221,0.390191959821937,0.5139129257983,0.57303439751469,0.981813487300366,0.0583346436949098,0.20504488710221,0.390191959821937,0.5139129257983,0.57303439751469,0.981813487300366,0.0583346436949098,0.20504488710221,0.390191959821937,0.5139129257983,0.57303439751469,0.981813487300366,1,1
13.14,4.1,1.28624,0.2,0.0794495132662054,0.212330793394373,0.414741542981681,0.53916430195167,0.674172400089645,1,0.0794495132662054,0.212330793394373,0.414741542981681,0.53916430195167,0.674172400089645,1,0.0794495132662054,0.212330793394373,0.414741542981681,0.53916430195167,0.674172400089645,1,1,1
-8.82,14.044,1.18,0.2,0.0789249202333782,0.229452673180957,0.325677938960283,0.527327719379778,0.575672780190559,0.928162095547696,0.0789249202333782,0.229452673180957,0.325677938960283,0.527327719379778,0.575672780190559,0.928162095547696,0.0789249202333782,0.229452673180957,0.325677938960283,0.527327719379778,0.575672780190559,0.928162095547696,1,1
-5.58,22.756,1.36816,0.2,0.0852200366273049,0.197394685495438,0.40218129113251,0.56993941663859,0.695279461496591,0.810585641281207,0.0852200366273049,0.197394685495438,0.40218129113251,0.56993941663859,0.695279461496591,0.810585641281207,0.0852200366273049,0.197394685495438,0.40218129113251,0.56993941663859,0.695279461496591,0.810585641281207,1,1
4.5,3.484,1.25168,0.2,0.0575477541456689,0.253131868630488,0.359933171276206,0.464988384501144,0.762997950177213,0.793462856679291,0.0575477541456689,0.253131868630488,0.359933171276206,0.464988384501144,0.762997950177213,0.793462856679291,0.0575477541456689,0.253131868630488,0.359933171276206,0.464988384501144,0.762997950177213,0.793462856679291,1,1
-7.26,23.636,1.20816,0.2,0.0840397023034436,0.183915758854936,0.330816223807672,0.433424164309431,0.68648485257703,0.743236021847005,0.0840397023034436,0.183915758854936,0.330816223807672,0.433424164309431,0.68648485257703,0.743236021847005,0.0840397023034436,0.183915758854936,0.330816223807672,0.433424164309431,0.68648485257703,0.743236021847005,1,1
12.42,5.596,1.21712,0.2,0.0798429580408259,0.177358443191989,0.39761392682372,0.456308223948423,0.733096279850705,0.941860323229229,0.0798429580408259,0.177358443191989,0.39761392682372,0.456308223948423,0.733096279850705,0.941860323229229,0.0798429580408259,0.177358443191989,0.39761392682372,0.456308223948423,0.733096279850705,0.941860323229229,1,1
-13.5,23.108,1.1736,0.2,0.0874495570168206,0.189380188574058,0.310834004956717,0.468933912025109,0.759480106609388,0.984096525247288,0.0874495570168206,0.189380188574058,0.310834004956717,0.468933912025109,0.759480106609388,0.984096525247288,0.0874495570168206,0.189380188574058,0.310834004956717,0.468933912025109,0.759480106609388,0.984096525247288,1,1
-13.38,3.924,1.41168,0.2,0.0841708505616504,0.214152269967414,0.403323132209707,0.459464645967595,0.74540873233809,0.925879057600774,0.0841708505616504,0.214152269967414,0.403323132209707,0.459464645967595,0.74540873233809,0.925879057600774,0.0841708505616504,0.214152269967414,0.403323132209707,0.459464645967595,0.74540873233809,0.925879057600774,1,1
3.66,19.148,1.22224,0.2,0.0591215332441506,0.253860459259704,0.296560991491749,0.545477145990013,0.703194609524197,0.753509692608154,0.0591215332441506,0.253860459259704,0.296560991491749,0.545477145990013,0.703194609524197,0.753509692608154,0.0591215332441506,0.253860459259704,0.296560991491749,0.545477145990013,0.703194609524197,0.753509692608154,1,1
-13.02,11.932,1.11728,0.2,0.0562362715636009,0.238560056046161,0.427872715369452,0.455519118443631,0.652185877790741,0.811727160254668,0.0562362715636009,0.238560056046161,0.427872715369452,0.455519118443631,0.652185877790741,0.811727160254668,0.0562362715636009,0.238560056046161,0.427872715369452,0.455519118443631,0.652185877790741,0.811727160254668,1,1
8.58,10.084,1.26448,0.2,0.0864003709511661,0.23491710290008,0.431298238601044,0.464199278996352,0.722542749147231,0.731820832112394,0.0864003709511661,0.23491710290008,0.431298238601044,0.464199278996352,0.722542749147231,0.731820832112394,0.0864003709511661,0.23491710290008,0.431298238601044,0.464199278996352,0.722542749147231,0.731820832112394,1,1
12.54,11.844,1.20176,0.2,0.0677773182857998,0.172622604102083,0.327390700576079,0.531273246903742,0.608212833192935,0.884784374556176,0.0677773182857998,0.172622604102083,0.327390700576079,0.531273246903742,0.608212833192935,0.884784374556176,0.0677773182857998,0.172622604102083,0.327390700576079,0.531273246903742,0.608212833192935,0.884784374556176,1,1
1.62,4.012,1.24656,0.2,0.0717117660320039,0.200673343326912,0.37135158204818,0.558891939571491,0.758600645717432,0.864237033033877,0.0717117660320039,0.200673343326912,0.37135158204818,0.558891939571491,0.758600645717432,0.864237033033877,0.0717117660320039,0.200673343326912,0.37135158204818,0.558891939571491,0.758600645717432,0.864237033033877,1,1
14.34,12.548,1.22736,0.2,0.0671215769947657,0.21488086059663,0.391904721437733,0.516280242312678,0.653944799574654,0.776340072077376,0.0671215769947657,0.21488086059663,0.391904721437733,0.516280242312678,0.653944799574654,0.776340072077376,0.0671215769947657,0.21488086059663,0.391904721437733,0.516280242312678,0.653944799574654,0.776340072077376,1,1
2.58,21.084,1.18896,0.2,0.0599084227933914,0.202130524585344,0.4067486554413,0.588877948753618,0.777948785340467,0.970398297565755,0.0599084227933914,0.202130524585344,0.4067486554413,0.588877948753618,0.777948785340467,0.970398297565755,0.0599084227933914,0.202130524585344,0.4067486554413,0.588877948753618,0.777948785340467,0.970398297565755,1,1
-8.94,20.556,1.26576,0.2,0.0799741062990327,0.211237907450549,0.399326688439516,0.521014875341435,0.684725930793118,0.799170451546597,0.0799741062990327,0.211237907450549,0.399326688439516,0.521014875341435,0.684725930793118,0.799170451546597,0.0799741062990327,0.211237907450549,0.399326688439516,0.521014875341435,0.684725930793118,0.799170451546597,1,1
-1.5,22.052,1.36048,0.2,0.0665969839619385,0.217795223113496,0.385624595513147,0.427900425775882,0.61612798122054,0.900765640184631,0.0665969839619385,0.217795223113496,0.385624595513147,0.427900425775882,0.61612798122054,0.900765640184631,0.0665969839619385,0.217795223113496,0.385624595513147,0.427900425775882,0.61612798122054,0.900765640184631,1,1
6.06,7.532,1.10192,0.2,0.0735478416468992,0.195937504237005,0.337096349732257,0.465777490005937,0.750685497689827,0.785472223865064,0.0735478416468992,0.195937504237005,0.337096349732257,0.465777490005937,0.750685497689827,0.785472223865064,0.0735478416468992,0.195937504237005,0.337096349732257,0.465777490005937,0.750685497689827,0.785472223865064,1,1
-6.42,14.924,1.30032,0.2,0.07433473119614,0.220709585630361,0.355936727506015,0.467355701015523,0.738373045202442,0.742094502873544,0.07433473119614,0.220709585630361,0.355936727506015,0.467355701015523,0.738373045202442,0.742094502873544,0.07433473119614,0.220709585630361,0.355936727506015,0.467355701015523,0.738373045202442,0.742094502873544,1,1
3.06,20.996,1.35152,0.2,0.0630559809903548,0.261146365551868,0.329674382730474,0.588088843248825,0.727819514498968,0.774057034130453,0.0630559809903548,0.261146365551868,0.329674382730474,0.588088843248825,0.727819514498968,0.774057034130453,0.0630559809903548,0.261146365551868,0.329674382730474,0.588088843248825,0.727819514498968,0.774057034130453,1,1
9.9,5.772,1.40272,0.2,0.0764331033274489,0.232367035697822,0.304553879032131,0.609394691878231,0.594141458921637,0.950992475016917,0.0764331033274489,0.232367035697822,0.304553879032131,0.609394691878231,0.594141458921637,0.950992475016917,0.0764331033274489,0.232367035697822,0.304553879032131,0.609394691878231,0.594141458921637,0.950992475016917,1,1
-2.34,5.156,1.35408,0.2,0.0849577401108913,0.199944752697695,0.413599701904484,0.563626572600248,0.746288193230047,0.958983107831144,0.0849577401108913,0.199944752697695,0.413599701904484,0.563626572600248,0.746288193230047,0.958983107831144,0.0849577401108913,0.199944752697695,0.413599701904484,0.563626572600248,0.746288193230047,0.958983107831144,1,1
-6.06,17.036,1.37456,0.2,0.0587280884695302,0.257139117091178,0.41987982782907,0.505232765245578,0.735734662526573,0.887067412503098,0.0587280884695302,0.257139117091178,0.41987982782907,0.505232765245578,0.735734662526573,0.887067412503098,0.0587280884695302,0.257139117091178,0.41987982782907,0.505232765245578,0.735734662526573,0.887067412503098,1,1
-1.38,13.34,1.34896,0.2,0.0763019550692421,0.247303143596757,0.364500535584995,0.560470150581076,0.655703721358566,0.764924882342765,0.0763019550692421,0.247303143596757,0.364500535584995,0.560470150581076,0.655703721358566,0.764924882342765,0.0763019550692421,0.247303143596757,0.364500535584995,0.560470150581076,0.655703721358566,0.764924882342765,1,1
-0.42,12.46,1.10704,0.2,0.0644986118306296,0.211602202765157,0.362787773969199,0.457097329453216,0.699676765956372,0.847114248431961,0.0644986118306296,0.211602202765157,0.362787773969199,0.457097329453216,0.699676765956372,0.847114248431961,0.0644986118306296,0.211602202765157,0.362787773969199,0.457097329453216,0.699676765956372,0.847114248431961,1,1
-0.18,16.156,1.23632,0.2,0.0663346874455249,0.224352538776443,0.420450748367668,0.447628063395702,0.764756871961125,0.767207920289687,0.0663346874455249,0.224352538776443,0.420450748367668,0.447628063395702,0.764756871961125,0.767207920289687,0.0663346874455249,0.224352538776443,0.420450748367668,0.447628063395702,0.764756871961125,0.767207920289687,1,1
-12.42,6.916,1.31824,0.2,0.0836462575288232,0.183551463540328,0.388479198206141,0.604660058849474,0.663618869386171,0.939577285282306,0.0836462575288232,0.183551463540328,0.388479198206141,0.604660058849474,0.663618869386171,0.939577285282306,0.0836462575288232,0.183551463540328,0.388479198206141,0.604660058849474,0.663618869386171,0.939577285282306,1,1
-4.98,6.124,1.3912,0.2,0.0557116785307737,0.186830121371801,0.363929615046397,0.480770494597001,0.71374814022767,0.820859312042357,0.0557116785307737,0.186830121371801,0.363929615046397,0.480770494597001,0.71374814022767,0.820859312042357,0.0557116785307737,0.186830121371801,0.363929615046397,0.480770494597001,0.71374814022767,0.820859312042357,1,1
8.22,6.652,1.34512,0.2,0.079711809782619,0.249124620169798,0.357649489121811,0.446838957890909,0.747167654122003,0.779764628997759,0.079711809782619,0.249124620169798,0.357649489121811,0.446838957890909,0.747167654122003,0.779764628997759,0.079711809782619,0.249124620169798,0.357649489121811,0.446838957890909,0.747167654122003,0.779764628997759,1,1
9.66,20.38,1.32848,0.2,0.0714494695155903,0.242203009192243,0.33595450865506,0.578619577191311,0.660101025818347,0.817434755121974,0.0714494695155903,0.242203009192243,0.33595450865506,0.578619577191311,0.660101025818347,0.817434755121974,0.0714494695155903,0.242203009192243,0.33595450865506,0.578619577191311,0.660101025818347,0.817434755121974,1,1
-12.54,12.108,1.19536,0.2,0.0660723909291113,0.252038982686663,0.435865602909834,0.543898934980427,0.676810782765513,0.980671968326905,0.0660723909291113,0.252038982686663,0.435865602909834,0.543898934980427,0.676810782765513,0.980671968326905,0.0660723909291113,0.252038982686663,0.435865602909834,0.543898934980427,0.676810782765513,0.980671968326905,1,1
9.18,12.196,1.39888,0.2,0.0643674635724228,0.260053479608043,0.427301794830853,0.446049852386117,0.776189863556555,0.746660578767388,0.0643674635724228,0.260053479608043,0.427301794830853,0.446049852386117,0.776189863556555,0.746660578767388,0.0643674635724228,0.260053479608043,0.427301794830853,0.446049852386117,0.776189863556555,0.746660578767388,1,1
10.14,20.028,1.3016,0.2,0.0616133501500799,0.241474418563027,0.316543210342704,0.449206274405288,0.728698975390924,0.938435766308845,0.0616133501500799,0.241474418563027,0.316543210342704,0.449206274405288,0.728698975390924,0.938435766308845,0.0616133501500799,0.241474418563027,0.316543210342704,0.449206274405288,0.728698975390924,0.938435766308845,1,1
-9.9,12.636,1.11344,0.2,0.0633182775067684,0.175901261933556,0.302270196877736,0.504443659740786,0.583587928218164,0.758075768501999,0.0633182775067684,0.175901261933556,0.302270196877736,0.504443659740786,0.583587928218164,0.758075768501999,0.0633182775067684,0.175901261933556,0.302270196877736,0.504443659740786,0.583587928218164,0.758075768501999,1,1
-14.94,18.268,1.1288,0.2,0.0694822456424882,0.195573208922397,0.307408481725125,0.589667054258411,0.770913098204818,1,0.0694822456424882,0.195573208922397,0.307408481725125,0.589667054258411,0.770913098204818,1,0.0694822456424882,0.195573208922397,0.307408481725125,0.589667054258411,0.770913098204818,1,1,1
-2.7,16.684,1.14672,0.2,0.0606953123426323,0.258960593664219,0.360504091814804,0.593612581782375,0.721663288255275,0.906473235051936,0.0606953123426323,0.258960593664219,0.360504091814804,0.593612581782375,0.721663288255275,0.906473235051936,0.0606953123426323,0.258960593664219,0.360504091814804,0.593612581782375,0.721663288255275,0.906473235051936,1,1
10.38,24.692,1.40144,0.2,0.0839085540452368,0.206866363675251,0.323394256805889,0.452362696424459,0.690882157036811,0.940718804255767,0.0839085540452368,0.206866363675251,0.323394256805889,0.452362696424459,0.690882157036811,0.940718804255767,0.0839085540452368,0.206866363675251,0.323394256805889,0.452362696424459,0.690882157036811,0.940718804255767,1,1
-4.86,10.26,1.11984,0.2,0.0867938157257865,0.261510660866476,0.361075012353403,0.573884944162554,0.765636332853081,0.86766158995426,0.0867938157257865,0.261510660866476,0.361075012353403,0.573884944162554,0.765636332853081,0.86766158995426,0.0867938157257865,0.261510660866476,0.361075012353403,0.573884944162554,0.765636332853081,0.86766158995426,1,1
0.540000000000001,4.892,1.35024,0.2,0.0850888883690981,0.173351194731299,0.373064343663976,0.562837467095455,0.60029768516533,0.909897791972319,0.0850888883690981,0.173351194731299,0.373064343663976,0.562837467095455,0.60029768516533,0.909897791972319,0.0850888883690981,0.173351194731299,0.373064343663976,0.562837467095455,0.60029768516533,0.909897791972319,1,1
8.82,21.524,1.2312,0.2,0.0571543093710485,0.228359787237133,0.410174178672892,0.476035861568244,0.602936067841198,0.97610589243306,0.0571543093710485,0.228359787237133,0.410174178672892,0.476035861568244,0.602936067841198,0.97610589243306,0.0571543093710485,0.228359787237133,0.410174178672892,0.476035861568244,0.602936067841198,0.97610589243306,1,1
1.38,9.82,1.27984,0.2,0.0728921003558652,0.179544215079638,0.394759324130727,0.521803980846228,0.632837738167707,0.775198553103915,0.0728921003558652,0.179544215079638,0.394759324130727,0.521803980846228,0.632837738167707,0.775198553103915,0.0728921003558652,0.179544215079638,0.394759324130727,0.521803980846228,0.632837738167707,0.775198553103915,1,1
-5.46,11.316,1.24784,0.2,0.0856134814019253,0.246574552967541,0.342805555118245,0.498919921207236,0.661859947602259,0.750085135687771,0.0856134814019253,0.246574552967541,0.342805555118245,0.498919921207236,0.661859947602259,0.750085135687771,0.0856134814019253,0.246574552967541,0.342805555118245,0.498919921207236,0.661859947602259,0.750085135687771,1,1
1.5,4.188,1.12752,0.2,0.0858757779183389,0.208323544933683,0.334241747039264,0.556524623057112,0.678569704549425,0.756934249528538,0.0858757779183389,0.208323544933683,0.334241747039264,0.556524623057112,0.678569704549425,0.756934249528538,0.0858757779183389,0.208323544933683,0.334241747039264,0.556524623057112,0.678569704549425,0.756934249528538,1,1
