B1N6Cdmean,B1N6Cdsd,B1N6Clmean,TipALxb1skew,RootMxb1mean,B1N6Clsd,TipALxb1sd,GenPwrmean,Alpha,WindSpeed
0.00511782686931953,0.000395234504885504,0.410317841167422,-1.07807716284579,367.180350105018,0.0604187117805532,1.39905152793009,5000.04884907822,0,14.902
0.0109847396429808,0.000353928096020942,0.115860362078686,0.746319620195109,156.955529602392,0.165713710281489,2.5905522430029,5000.04884907822,0,24.978
0.00626932070580533,0.000353928096020942,0.583036945690025,-1.40745306553165,621.875336243729,0.0699545055586773,1.34243817095451,5000.04884907822,0,13.934
0.00622387508079651,0.000353928096020942,0.576443219581775,-0.727792045569932,84.440057061177,0.0338592759101997,0.171345839702082,177.571682862862,0,3.99
0.00792347282633195,0.000910253409347704,0.146180245474532,-0.520430735313969,162.050795996313,0.081500940877849,2.86960496160629,5000.04884907822,0,19.39
0.00953705564653445,0.00135267709471475,0.092642091950656,-1.79466858443634,131.011759741907,0.0727537318872985,1.88951332984772,5000.04884907822,0,22.338
0.00617942886826237,0.000353928096020942,0.573666038951302,-1.37156340804961,650.537628560523,0.0430930612243419,1.48760742465852,5000.04884907822,0,13.89
0.00673172414342675,0.000353928096020942,0.259927234384655,-0.453401024753688,185.694573512998,0.060118191190738,1.86344760361635,5000.04884907822,0,16.838
0.0078355773700997,0.000516145278705575,0.15483923665248,-0.472089964863665,164.801472000717,0.0716478949416498,2.75876844363059,5000.04884907822,0,19.126
0.00706876978732849,0.000418814914025153,0.607033961720103,-0.258747276526657,-27.4192510109345,0.073574100814824,0.214905465681029,211.526316943361,0,4.386
0.00610113639043624,0.0015929178797342,0.899636096407051,-1.23296464753414,624.927788945716,0.0824807313751553,0.894011777890253,2042.28058418336,0,8.962
0.00778331748009364,0.000353928096020942,0.170269060604581,-0.474272766560344,170.899462078905,0.0651264560998788,2.66969353044166,5000.04884907822,0,18.862
0.0057223438594339,0.00108531381717274,0.286333895272649,-0.561257674043666,255.706700496058,0.128423316066028,3.09222634298606,4999.89503732495,0,17.278
0.00741952954077911,0.000353928096020942,0.568165965515281,-0.540244424122975,88.0999147329109,0.0437728737601017,0.140601697739805,302.041253304053,0,4.034
0.00896564155469242,0.000992892435745905,0.114115992797615,-1.15784001882566,146.710333408614,0.117573518880289,2.19333693359419,5000.04884907822,0,22.426
0.00643010146320733,0.00202348194989223,0.915890184149247,-1.25099287684396,736.924342806006,0.108062487424943,0.908402645819059,2118.9724833512,0,8.874
0.00697231767741878,0.000897502556348167,0.736132753081765,-0.795523861207155,209.294680738985,0.0590601264196591,0.464028608707647,670.588463456794,0,5.75
0.00979080449956763,0.000650109181454572,0.075662354442631,-1.0288718117105,113.956162986615,0.0701377027793229,2.92251152016206,5000.04884907822,0,23.922
0.0105497412543222,0.000353928096020942,0.0656404538730443,-0.204566193591872,130.062640224864,0.103777113638116,3.19069786164113,5000.04884907822,0,24.318
0.00530573866932849,0.000904736006062774,0.90078957284744,-2.03040901079615,1176.62894168464,0.0469058698751528,1.8321389250173,4797.49453925463,0,11.25
0.00697613585515626,0.00155506875395042,0.872956905001608,-0.791137629689624,353.317652492255,0.0960027891380392,0.592025443191338,1281.5796812471,0,7.422
0.00922262840303242,0.00111774833810669,0.166398659455221,-0.766267571761218,191.068892353281,0.152670587290989,2.72508684978663,5000.04884907822,0,21.942
0.00636254089713042,0.000723093367851575,0.667063274991294,-0.83286757776349,27.882039542165,0.0406141979866896,0.333440962213298,428.120607879317,0,5.046
0.00730774792199132,0.000492206279653377,0.654969337084761,-1.37466178224624,762.49590699064,0.0444673938515857,1.5527454615495,5000.04884907822,0,13.67
0.00930501966961396,0.00131599543059473,0.113958726665581,-2.11741522207577,136.449483762092,0.0831383986481689,1.87631875344661,5000.04884907822,0,22.206
0.00570368452338118,0.000516747964544018,0.288840090055249,-0.753995866285156,225.486110895704,0.0801521973498806,1.71704466901742,5000.04884907822,0,16.222
0.0065001920972133,0.000573559926663739,0.659726764929722,-0.550610266376248,-37.571397216558,0.0630703483896738,0.267434498440029,303.989849909572,0,4.826
0.00561801602274665,0.000802251179434521,0.247188308173779,-0.600653157438158,218.786915667697,0.103846401979326,2.49787615682083,5000.04884907822,0,17.014
0.0057983039715427,0.00151171339473484,0.875253075740714,-1.35508118176591,570.414975989645,0.0744524703615019,0.887699724278177,1921.56969611017,0,8.214
0.00574982699256142,0.000562078416889022,0.170439847899277,-0.189620477714708,179.472916041411,0.0882348011445682,2.68514286164619,5000.04884907822,0,18.07
0.00895962630739677,0.0016988355476905,0.131198222268586,-1.08434783627858,157.979066456577,0.100089103940466,2.7530973940231,5000.04884907822,0,20.49
0.00890716715925894,0.000595406594723419,0.129522303404184,-0.335642215761546,148.19667461587,0.0567561518809235,2.7225635900808,5000.04884907822,0,19.83
0.00728686801708438,0.000353928096020942,0.333027524706473,-0.561869084603349,241.172269324431,0.0712102883614391,2.20673707490813,5000.04884907822,0,16.706
0.00613996467725723,0.00180285855942545,0.906507824428618,-1.15786063180631,534.77276843782,0.0866273907998111,0.776284623063048,1763.98745056041,0,8.302
0.00609197516889091,0.000353928096020942,0.49951927041525,-1.15998992882052,442.743050736879,0.0831344615597449,1.42748999277274,4960.40935175257,0,14.814
0.00915774773080814,0.00157785005728818,0.104166430188591,-1.85210245686137,142.735076661147,0.0907595217768124,1.7892487406496,5000.04884907822,0,21.678
0.00618954964222031,0.000837367724972148,0.381689127732425,-0.812124337524094,308.089149713016,0.114323344277754,2.14389945691416,4960.51826562467,0,16.31
0.00546513707995367,0.000353928096020942,0.51046703005239,-1.32519188221043,542.577487499596,0.0521572552027373,1.40872582409891,5000.04884907822,0,14.154
0.0066424284533407,0.000380645850813734,0.619284927260568,-1.44755549279565,715.816713089675,0.0456214626495133,1.4580768297804,5000.04884907822,0,13.758
0.00725360320354382,0.00112737475500279,0.784081256706429,-0.947044463821676,291.189448922889,0.0521840110670036,0.645222124545984,1270.56909668532,0,7.026
0.00782696072649204,0.000979668321835428,0.731816932963172,-0.767976260079706,-39.8905467287665,0.0504499597278497,0.406177237956028,751.656248757795,0,5.97
0.00960146940880305,0.00114289710824562,0.0821750317793953,-1.3436162142494,128.390687533258,0.0786644790297053,2.28818138178053,5000.04884907822,0,22.778
0.0103899078485572,0.000353928096020942,0.0859220171820225,0.712321097286964,147.756523805227,0.1547207171743,2.62047925171612,5000.04884907822,0,24.67
0.00544879548949654,0.00137585974058584,0.926661981483591,-2.04209569588606,1194.0654292502,0.0545183571249748,1.73727254540189,4639.61952233481,0,11.162
0.0098928145398316,0.000865232455227301,0.0990420471745561,-0.189891249076621,180.101160511766,0.15643752272441,3.59155253325892,5000.04884907822,0,22.954
0.00496622546889377,0.000353928096020942,0.522967416008986,-1.4206449797856,594.763293329419,0.0604792878390025,1.51035722501163,5000.04884907822,0,13.846
0.00708028189706478,0.000353928096020942,0.538253333569667,-1.15952977043901,491.963067731245,0.0527594662160009,1.5322113387025,5000.04884907822,0,14.506
0.00900747539303716,0.00156319156212879,0.0881856305517902,-1.30071317874811,145.217458242639,0.104539333189767,2.03456713006941,5000.04884907822,0,21.766
0.0074653397981791,0.00109163859467247,0.769744457542156,-0.904792331134943,268.235052534535,0.0490261927490235,0.627220981941094,1223.20707372191,0,6.894
0.00745083460183773,0.000353928096020942,0.597044003079951,-0.750001570787492,15.0012178956007,0.0416018906233665,0.182177592407142,435.788381770655,0,4.43
0.00728516854277145,0.000975773980757497,0.691494426655271,-0.845156985279287,124.561804156562,0.0350825337372187,0.457257068929747,724.134162637294,0,5.662
0.0060359944516389,0.000353928096020942,0.60714857024223,-0.693772732648212,18.1956736789321,0.0422320707127756,0.210309289766003,207.613205861177,0,4.298
0.00761541712629341,0.000950507102777422,0.211532910925862,-0.737878966211755,199.024897361504,0.0964233886995844,3.25880191082252,5000.04884907822,0,18.642
0.00492858424172597,0.000443910630966433,0.389704997314034,-1.04532174794591,343.051160627875,0.0658693803079749,1.41721846514838,5000.04884907822,0,15.034
0.00604134945384649,0.00171970501281536,0.924673202248149,-1.5103732137825,1000.6693263627,0.0728117022482043,1.50918483920658,3524.37160145197,0,10.942
0.00923987216507741,0.00162257393490921,0.118287225351835,-2.07451786747426,148.085856932908,0.0927268373807853,1.93404195493841,5000.04884907822,0,21.546
0.00480892729150962,0.000833821435938128,0.89004693803302,-1.59089361435215,978.623514685144,0.0572405326166199,1.67789850537116,3987.69531074325,0,10.81
0.00705338046136272,0.000353928096020942,0.509625970455973,-0.41266167991978,219.675821794407,0.0363718916466022,0.140601697739805,5.31370726741443,0,3.11
0.00995904438057081,0.00172366003354425,0.146793848919288,-2.6904196154848,159.0044531874,0.0733688379072905,2.57906333982318,5000.04884907822,0,21.062
0.00858340657919332,0.00169155718934886,0.175659105494633,-0.413484763956041,200.448070870842,0.146463667809598,3.35052350210936,5000.04884907822,0,20.578
0.0101700836951519,0.000634570768582214,0.0793468143661238,-0.855308361282971,129.133160008194,0.0748779355022038,3.02456523976936,5000.04884907822,0,23.57
0.008764612958993,0.00149800632930028,0.117959848390666,-1.14289967629345,164.30289556219,0.123868607793124,2.19614023205579,5000.04884907822,0,21.502
0.00894491973701851,0.00149116520956859,0.152710489976999,-1.16323410564191,182.258846477809,0.137457327261709,2.58711675130365,5000.04884907822,0,21.37
0.00952031900786398,0.000980748558186972,0.0935791640014633,-1.57528976604416,123.074679968736,0.0652340269423463,2.38485900622968,5000.04884907822,0,23.042
0.00591094672363897,0.00116111594557736,0.916069518953115,-2.19542723059616,1301.24464499424,0.0506077697817075,1.83629646758205,5000.04884907822,0,11.734
0.00657842510726662,0.000353928096020942,0.574999624900785,-1.33692622194035,581.458113853849,0.0774618594788153,1.32862908119418,4989.09345962074,0,14.066
0.00677948557453624,0.00060954063488368,0.127089677902483,0.101518654873643,157.806593387424,0.0777479155050296,2.81185048939445,5000.04884907822,0,18.994
0.00747094159761596,0.000357933438024457,0.718015798824273,-1.58794477725618,878.138687450564,0.0512524178975128,1.44799189479178,5000.04884907822,0,13.362
0.0100122425293323,0.00130398062547152,0.0741342069188492,-1.27468703545411,96.9037984162624,0.0796267924480755,3.16946367026724,5000.04884907822,0,24.582
0.0068093123396699,0.00119124962814099,0.844813106922983,-0.801269878549179,276.692008390549,0.0756944652788929,0.536913937881183,1154.77643632049,0,6.982
0.0062672792254071,0.000457741714105246,0.636981439022303,-0.845690006082587,22.0529666374445,0.0364532708552797,0.294794592648499,364.072037358199,0,4.738
0.00610471891004847,0.00137509437090316,0.901894959528423,-1.58145800189509,880.487122265863,0.0820043476356863,1.30218518069792,3261.0100941652,0,10.194
0.00557001895296844,0.00105139917194194,0.893859979981815,-1.38446626252631,715.223258053117,0.0769400907688286,1.10012706182978,2630.41200724685,0,9.622
0.00717197504827644,0.000353928096020942,0.556367303891324,-0.481038306635391,117.228445268618,0.0429040003026747,0.140601697739805,232.89988430859,0,3.858
0.00686708264022612,0.000353928096020942,0.203560704345389,-0.310937120782131,179.581949254869,0.0643584470336644,2.34352321261166,5000.04884907822,0,17.982
0.00626917618639528,0.000353928096020942,0.193363342138129,-0.253443796828145,179.711532318746,0.0766669947238119,2.41693961237465,5000.04884907822,0,17.894
0.00664201734504025,0.00178664188814296,0.883016484944484,-1.08585331790336,412.826245130939,0.0789558239274486,0.753151153132871,1632.48962192929,0,8.258
0.00944019638711339,0.000484800043197706,0.0972113476933442,0.0423034147078379,171.558227177391,0.153672733379564,3.22045565603034,5000.04884907822,0,23.13
0.00719755167471878,0.000353928096020942,0.570333819718901,-1.24499668431572,539.062973869787,0.0853622093367924,1.35178685336819,4836.80637598121,0,14.286
0.00593558189637976,0.00127676815222795,0.905341015226728,-1.54696685440958,872.090195162671,0.0777488618091355,1.2903994676756,3179.58843882516,0,10.238
0.00649748955463195,0.000960394589804794,0.213520795067962,-0.424145919969363,201.73052159026,0.103040678277528,3.11348858260425,5000.04884907822,0,18.29
0.0097598781422778,0.00128030323898125,0.0982580296603272,-1.88397774002315,130.818481122252,0.0621414775668507,2.00055591784283,5000.04884907822,0,22.47
0.00829662808795021,0.00134472248608216,0.876264357431245,-1.64658633390979,1166.09532715683,0.0538886140166651,1.66826847192461,5000.04884907822,0,12.702
0.00562964957724525,0.00137823843072971,0.949553125048892,-2.15702482117186,1326.37730472498,0.0449738282313808,1.82925091947129,5000.04884907822,0,11.602
0.00746068348043438,0.000353928096020942,0.526191776700298,-0.807807091948047,230.478092588975,0.0214817768661349,0.140601697739805,270.728378067382,0,3.506
0.00561618339182911,0.000874486168295822,0.397070765368542,-0.988159691756327,323.63514263875,0.100374785830349,1.72050449224922,4991.37474230868,0,15.738
0.00962874154246957,0.0011244689069466,0.0838711294593943,-1.32044789836493,100.834632195574,0.0792668604646073,3.16324130337678,5000.04884907822,0,24.23
0.00586385523993098,0.000353928096020942,0.409501797788001,-1.01447949639488,336.2138620016,0.061545160013431,1.45209555016527,5000.04884907822,0,15.254
0.00916901854517647,0.00160488424339851,0.109238173939363,-1.0749846783405,144.277880187708,0.0804398008587536,2.48655708542276,5000.04884907822,0,20.71
0.00768880093364824,0.000353928096020942,0.528752094039462,-0.780620192479202,215.230436685834,0.0215310908155036,0.140601697739805,328.160466486908,0,3.594
0.00950593121745798,0.00157695457610095,0.125445402379066,-1.53864019589117,149.403994345475,0.0741257705267106,2.57052290284671,5000.04884907822,0,20.666
0.00859086181645507,0.00166026127902628,0.11256742620149,-0.532898865375817,154.921042685432,0.105427053324603,2.60511347706506,5000.04884907822,0,20.622
0.00952847450218263,0.000353928096020942,0.0744984722326759,0.00725212245407886,151.22602285442,0.134517254240028,2.99978133359259,5000.04884907822,0,23.394
0.0094579648355029,0.00128222117963436,0.076130455588599,-1.11515056503912,136.469038749982,0.0994464913962633,2.30161132594828,5000.04884907822,0,22.514
0.00528856833529897,0.000670338337260793,0.863462218780745,-1.58813149152143,788.476784361419,0.0675308975270754,1.40876044473458,3404.00761046122,0,10.106
0.00589281458898268,0.00140625406793808,0.896992574574129,-1.92429868366182,1083.21709751476,0.0671322324108185,1.65596619947792,4282.33272636238,0,10.898
0.00672128476130035,0.00163798309144724,0.898856422689368,-1.46567197475189,836.168865946457,0.0970635726259822,1.19421803607146,2940.46161145903,0,9.93
0.00634650607506886,0.000516478290147977,0.252055216002482,-0.338547771237613,210.771293920608,0.0911176798939195,2.59549302405669,5000.04884907822,0,17.498
0.0103005465212434,0.000493607094080775,0.0834497523618496,0.198365257994102,124.908640645591,0.136215943875528,2.6302127197061,5000.04884907822,0,24.758
0.00922757245290795,0.00084123388329416,0.103907950007964,-1.28021977692191,118.211881610677,0.0876770816817802,3.02902592346316,5000.04884907822,0,23.526
0.0106396100722566,0.000353928096020942,0.485641944176333,-0.745711882554457,127.713873547551,0.0228926866473221,0.157953909305217,75.5182545693588,0.25,3.418
0.0105870422763924,0.00209483522948619,0.858120469299917,-1.59478769107886,1024.90923242159,0.0544887681774973,1.56139088870074,3837.30121486521,0.25,10.678
0.00872865567605664,0.00129593127943939,0.505393457320962,-0.948042226789575,443.57027675556,0.0773055816233923,1.40175969116272,4928.3612611419,0.25,14.11
0.00874100781983655,0.00110224727276176,-0.024604619754002,0.566605958122723,42.7582856752788,0.103125994298745,3.12484598300378,4974.35890988203,0.25,23.658
0.00816203937297678,0.0013693707255137,0.343454547736824,-0.927710261745286,282.207785827443,0.0507247086072021,1.65908560218836,5000.04884907822,0.25,16.09
0.0103996261205636,0.00151571605474346,0.839682329618489,-1.41327096669306,627.498175855744,0.0580870952959445,0.744171146536395,1716.37190636805,0.25,7.862
0.0102213636610907,0.00241153366847489,-0.00916489550618022,0.571838425035295,77.256956224901,0.128979733756892,3.25701379020698,5000.04884907822,0.25,22.866
0.00943579641229193,0.00119450829814039,0.572258811249714,-1.18607228541108,602.640719364202,0.0580780947166687,1.5133909650125,5000.04884907822,0.25,13.714
0.00851164080827505,0.00109929098763227,0.221892340367948,-0.959143364010675,211.197133840775,0.0913915222139516,2.12197840391859,5000.04884907822,0.25,17.102
0.0138229231564739,0.00451026208397681,0.940514669368489,-1.44972114280503,1324.11948794258,0.0698820772635535,1.7945022927253,4623.59612057513,0.25,12.042
0.00714042222517886,0.00130532460462581,0.305076185607767,-1.03152795476173,257.323713713445,0.0683145632314285,1.60991267559496,5000.04884907822,0.25,15.782
0.00853831094527634,0.00102399756726128,0.620759574210747,-1.28612143632099,731.061324378841,0.0652161866121832,1.60550207027983,5000.04884907822,0.25,13.274
0.00893527399849462,0.000524445748675818,0.0183863108256323,0.733688006808284,75.2826320411483,0.142699147032381,3.1928074771784,5000.04884907822,0.25,23.878
0.00934727518086083,0.00187006324254993,0.0441535784159131,-0.46725793087212,66.8116803085839,0.0534327992752414,2.28511317383236,5000.04884907822,0.25,21.722
0.010723415972291,0.00160490820167442,0.825482662291565,-1.38761059808559,833.784171324067,0.0752237088455858,1.0980232016108,2710.72628453146,0.25,9.446
0.0107967433286547,0.00135486014536482,0.824653577521359,-1.46302443967247,588.903183502239,0.0534692957085502,0.782018758366965,1714.42991817584,0.25,7.906
0.00684844349463776,0.00164598248145163,0.333317699378141,-1.03140567670634,278.043595634607,0.0691328534607875,1.65526727426848,5000.04884907822,0.25,15.298
0.0101799950135725,0.00126335060967991,0.733418702022218,-0.739100495109652,427.458440410274,0.0630725106320069,0.458095398894997,795.392489570932,0.25,6.058
0.0113886228112381,0.000944542785650596,0.667796442919404,-1.20771916807376,743.168060491574,0.0536809851735644,1.60761246147498,4937.9956279181,0.25,13.626
0.00816692770946993,0.000495732187713814,0.679796126045181,-1.46078210802321,880.782209544424,0.0666623522284744,1.69950098113039,5000.04884907822,0.25,12.922
0.00967371537108032,0.00095998689708283,0.20431629550496,-1.44095728269216,182.35529018743,0.0766002649309938,2.43106155881188,5000.04884907822,0.25,19.082
0.00960554187770005,0.000353928096020942,0.493230628777849,-0.418501451972734,44.7133540563834,0.0360033786450055,0.171782988228827,5.18488850655012,0.25,3.374
0.00847185082383236,0.000907813509615527,0.258406163013051,-0.800970365087418,234.827636937001,0.094209834305437,1.66962652119397,4982.41024935205,0.25,18.026
0.0092760020297807,0.00180340659213468,0.0558072923052688,0.428359550260001,75.9550988892589,0.0649932038266358,3.35371882205537,4994.70808287419,0.25,20.93
0.00907093900898945,0.000681689072960137,0.49414026544731,0.045851431787892,48.4963642051143,0.0531244986629243,0.140601697739805,-1.0027110097717,0.25,3.55
0.0104242928778366,0.000732029243580275,0.59506383464576,-0.777638828364244,-6.47434029357487,0.0514419231917572,0.223842738761672,320.051316480646,0.25,4.606
0.00875760005348512,0.00120914750022483,0.123190917093462,-1.21746610903619,124.879357465393,0.111090663897695,3.1271017816588,4919.16916616547,0.25,20.974
0.00985631431272523,0.00118945487133554,0.719920977077262,-0.978706339412517,265.448067326008,0.0439540225596119,0.4931496753748,696.842399509601,0.25,6.014
0.00954796616432181,0.00181005161874448,-0.0182769210488509,0.357297659680665,49.2653041922867,0.0832637775063209,3.03741441996244,5000.04884907822,0.25,23.262
0.00878746360661935,0.00146958264264146,0.10012640498005,-0.811436565947528,113.035457586301,0.0999656498953612,2.68761491555518,4965.41960812804,0.25,20.842
0.0122045287559794,0.00295225524981477,0.893845474061516,-1.68700108944062,1284.58407525228,0.0549867949391131,1.87131785634704,4656.11952194311,0.25,11.47
0.00950497496404567,0.0010686678117812,0.802904330951487,-0.620980730265333,190.110374704394,0.0587671979365978,0.46499618805271,856.822635281723,0.25,6.63
0.0112707401141832,0.00113379216535778,0.812900940346886,-0.905872417892523,275.53545628943,0.051933345385,0.509169423908838,1134.82911133893,0.25,7.158
0.00987112201501305,0.00112150776934846,0.77284848901751,-0.473055481874801,195.96423974629,0.0665506053390522,0.413222601188973,670.14117002117,0.25,6.278
0.00820476075783417,0.000589897870153323,0.292969231221378,-0.860375086780169,236.445173642527,0.0468519353099433,1.59651120748785,4994.76101573633,0.25,16.442
0.00955029709787168,0.00109389516967096,0.63289450575223,-0.874488008276445,0.627082257051882,0.0544478663089116,0.303518581155163,425.552357837844,0.25,4.914
0.0087929087658093,0.000754132817352509,0.487257387957753,-1.0731327757763,435.145798268731,0.0555312187137237,1.65934262834942,4981.77178900637,0.25,14.946
0.0120466108113229,0.00272771706394503,0.838221773003709,-1.48903583531503,1123.07117113849,0.0646950231756518,1.66141906351889,5000.04884907822,0.25,12.482
0.00980015366632466,0.00100383565163877,-0.0210514603465127,1.0545378888366,81.3313088122119,0.153254855086409,3.15988853286664,5000.04884907822,0.25,24.01
0.0131745568679086,0.00410493725608583,0.93720778037206,-1.5763778094881,1293.61811829516,0.0649673296469125,1.72663773007938,4647.08419131978,0.25,11.866
0.0107767617449316,0.00207124570008628,0.889054966785213,-1.42058401953134,792.702560724367,0.0543085667912549,1.05535952295241,2547.10418743156,0.25,9.71
0.0116278046008232,0.00190433784312617,0.847943791837869,-1.38552678316617,514.55276684236,0.0522262611803324,0.753577270232463,1684.64810832366,0.25,8.082
0.0108168239108801,0.00287845312622589,0.877399653057953,-1.6786771459939,1229.28728125872,0.0651934233971501,1.75225048894559,5000.04884907822,0.25,12.13
0.00907405864864103,0.000881636341719396,0.000436359186224367,0.765709155206829,60.5758300408786,0.135951568524659,3.20336803262597,4992.49914847977,0.25,23.966
0.0108462699760903,0.00379141551225669,0.934921020243135,-1.55620034832818,1295.35492544382,0.0669961875009806,1.84099497830033,4331.70029823859,0.25,11.338
0.0111280000951822,0.00190612310499365,0.822538206580526,-1.12332158954904,742.422358240183,0.0790859150715087,0.649889628627981,1505.98527347109,0.25,7.598
0.00925947236721606,0.00164277465427004,0.0685141452949942,0.779674835682796,87.6664366626241,0.0728576822631988,3.34013651659326,5000.04884907822,0.25,20.534
0.0112997403543725,0.00191853004522806,0.855957134994382,-1.47285110312413,899.044179378615,0.0547969741913849,1.34855728483458,3267.46915560623,0.25,10.37
0.00952259377984513,0.00127817677511071,0.699769745910491,-0.825720595027141,153.760538367658,0.0525268067475868,0.378025276748028,448.456066742094,0.25,5.486
0.00839988353778036,0.00120777602959631,0.0691924525953669,-0.3406816621319,88.0220369773238,0.106044595737433,2.75539098947008,4944.67776223172,0.25,21.634
0.00960002016586317,0.000948639281537039,0.120798834166991,0.340083140097345,122.199706434068,0.0570992211552937,2.79623565869705,5000.04884907822,0.25,19.478
0.00864710268392964,0.00127870216686687,0.0974416719426854,0.765157102425996,119.312406060941,0.10186215170176,3.18185604830085,5000.04884907822,0.25,20.226
0.0084243352384808,0.00119650863717959,0.258643343088461,-0.730132736776947,221.072757863858,0.0716718490223937,1.62430052993528,5000.04884907822,0.25,17.19
0.0131059986710777,0.00417893603704144,0.928923653475807,-1.41534096867523,1316.49286907457,0.0717501751998051,1.82046084657277,4803.28133038869,0.25,12.306
0.00915947107566178,0.00116212545533427,0.113223835495969,0.371222707012028,118.656715268607,0.0799442379840834,2.83612034461343,4995.48709060703,0.25,19.698
0.012640807535491,0.00307267701287223,0.868193530093309,-0.929666606277404,771.082019820904,0.0836984807171393,0.713814260988154,1730.39627313137,0.25,8.478
0.00896443244917816,0.00090860386252775,0.614910887136406,-1.33701811322687,738.504790777832,0.0580334689072035,1.62758666992967,5000.04884907822,0.25,13.318
0.00939032680128695,0.00181673488964261,0.00170322104357179,0.472260984971052,76.0465179679647,0.125092894764884,2.95395836131451,5000.04884907822,0.25,22.91
0.00987448814794561,0.00176990834469878,0.838526082803519,-1.62162522452752,990.446347332542,0.0673610769564913,1.53385338836636,3910.38891816881,0.25,10.634
0.00876379882262822,0.00102648685651508,0.239632484836546,-0.974162838719237,219.253031866619,0.0988727746912068,1.79704242565901,4942.0956612919,0.25,18.378
0.0084900888454246,0.00121333990060393,0.0673895860920228,-0.072924672481501,102.763028181023,0.125245571286139,2.79162379486805,4975.02577812105,0.25,21.81
0.00986108725862061,0.00109140029934645,0.762487014995781,-0.75916541550598,295.681905069291,0.0529322794646298,0.410388619336165,731.444594672334,0.25,6.19
0.00765873748011699,0.00114588488412411,0.288435698033432,-0.957501017799876,242.877277893579,0.0664129475754338,1.58114329439646,5000.04884907822,0.25,16.178
0.00910721646331105,0.00110878932461903,0.173216932834613,-0.810602823226277,161.426732084086,0.0920000170971583,2.40195632127954,4979.89672463243,0.25,19.214
0.0111682915203796,0.00216130209488273,0.847480411888339,-1.29065302271889,766.674502298322,0.0739614664405083,0.757532377441508,1769.40346656828,0.25,8.038
0.00954718768237734,0.00107757741662991,0.673867495262367,-0.876860197055537,41.7564482495465,0.0540527818941924,0.338103544311007,395.463805152657,0.25,5.266
0.00805270017332733,0.00204724512402326,0.410666125226955,-0.993774789923177,352.960391885219,0.0673353186511997,1.58810934695563,5000.04884907822,0.25,15.21
0.00819688609291062,0.00149080640256691,0.291254945545694,-0.707265545259006,254.170576373574,0.097392816693875,1.73210174938068,5000.04884907822,0.25,17.146
0.00899237739760637,0.0013013015679344,0.0933713934683297,0.457385867679371,113.513448072163,0.0751991987124531,2.67636756966143,5000.04884907822,0.25,19.962
0.00853118987058745,0.00127020600908811,0.0532757313926081,-1.06365200886362,59.8439114284722,0.0630962195718434,2.61084030248139,5000.04884907822,0.25,22.558
0.0109218794262499,0.000353928096020942,0.510487578184377,-0.834939379703577,93.4932408405136,0.0301005753237961,0.140601697739805,216.041618518806,0.25,3.814
0.00800099198830449,0.00184980536802678,0.355200220252564,-1.01156316764826,305.737701124349,0.0605181121607652,1.60062588403872,5000.04884907822,0.25,15.606
0.00862899342177863,0.00144538759440011,0.436919923436958,-1.03399131805244,384.922874198315,0.0533130810363453,1.64746611600344,4996.14455685704,0.25,15.078
0.0104885367323139,0.00107618932989625,0.823269373664393,-1.47679247482768,629.420155377821,0.048635516373383,0.990571912144677,2275.53254076329,0.25,8.786
0.00748904053651292,0.00244790039507829,0.407355635560479,-0.991534916230675,340.516693791412,0.080152491228434,1.5589603044219,4999.31901846282,0.25,15.122
0.00729765338779938,0.000454656195589186,0.298914296754829,-0.980046646040575,251.972438121396,0.0579912595585934,1.58286228877624,5000.04884907822,0.25,15.914
0.0115346300051207,0.00240553578585376,0.857284106385497,-1.26543357345439,823.132305057395,0.0761863034528007,0.774497136110793,1924.94134446821,0.25,8.39
0.00961145117371784,0.00114802068319124,0.662177050407968,-0.502764907905713,67.5375928794882,0.0637623902142219,0.25611050096235,369.670703001355,0.25,5.09
0.0118972413854691,0.00332022550595988,0.896980025993128,-1.63914455002748,1238.38960209525,0.064763028083971,1.68340981192285,4921.281732868,0.25,11.954
0.00833850822753508,0.00099682016987305,0.399756029492826,-1.08227676173035,351.132440339948,0.0489643890790137,1.63737601671769,4993.86311610374,0.25,14.374
0.00989037336970637,0.00121907138330413,0.602067180191783,-1.3162548711504,709.861444373202,0.0502641539846169,1.64565187431535,5000.04884907822,0.25,13.494
0.00982807141638458,0.00118216438474449,0.118437328079237,0.190127059342102,113.060299100063,0.0523851717468756,2.88155261877125,5000.04884907822,0.25,19.786
0.00856319629803987,0.00079666870281664,0.202786849735474,-0.78560347537165,192.693519795947,0.0808686603815634,1.72117399842656,5000.04884907822,0.25,17.674
0.0105250511543966,0.00175862164287736,0.842620963211676,-1.08389590984405,332.899544278218,0.0577728780016434,0.626227969995131,1298.0923215829,0.25,7.51
0.0100852454046333,0.00122268698609204,0.692920494581306,-0.433017674532359,146.396352120871,0.0700706422762466,0.306430210753836,367.377673221116,0.25,5.442
0.0102605191722784,0.00142191553287163,0.824745579019298,-1.0996680502454,416.695160617042,0.0559772214950814,0.610770869574663,1244.33700884919,0.25,7.334
0.0105147777609797,0.00139473800130884,0.680202552322411,-1.25527639541593,785.448119740863,0.0548429995210013,1.66346581627284,5000.04884907822,0.25,13.582
0.00814575029858011,0.00050371136440203,0.308786308165862,-0.609161738724761,246.044602405604,0.0521026372026782,1.71543445455877,5000.04884907822,0.25,17.058
0.00826510351184619,0.00130764862873534,0.274577421872201,-0.690208792385146,243.024566774136,0.0929651681819843,1.67755454869905,5000.04884907822,0.25,17.322
0.00932022224431776,0.00133154710949544,0.0890159715502312,0.328835072925842,98.6550247509035,0.0734690674849718,2.9346581712588,4973.60230136152,0.25,20.314
0.0105420465578156,0.00184269083743138,0.835697534173204,-0.85304337522044,612.249096098325,0.0783241213349725,0.554548962579735,1326.88126758929,0.25,7.378
0.00817505118921936,0.000618683481146064,0.34676257826775,-0.720114054847634,273.721609456853,0.0470563726761381,1.79292789603471,5000.04884907822,0.25,16.574
0.0103962040359083,0.00184032260165498,0.860204319970152,-1.43799930075453,854.503280333034,0.0597449334046099,1.03234444931178,2617.09964960661,0.25,9.314
0.00846671802829883,0.00143238834943237,0.31421975083885,-0.781715084217973,262.233212740142,0.0736442529080933,1.64467326048379,5000.04884907822,0.25,16.662
0.00976507294460433,0.0011420968548399,0.591009947625975,-1.2940633958352,711.183677048277,0.0466230404741022,1.7605662119576,5000.04884907822,0.25,13.538
0.00614715725061179,0.00122025096338437,0.308062471843096,-1.03620118963048,255.090880526859,0.0838829519317692,1.77709270004364,5000.04884907822,0.25,15.518
0.0105887529946005,0.000724166299941641,0.795618384059957,-1.72979601816224,1142.19664748342,0.0575139398369764,1.87097615951673,5000.04884907822,0.25,12.218
0.0126874766469435,0.00251039934387275,0.847233659578257,-1.24987789746165,879.519456682793,0.0689552608308236,0.920479291415925,2438.96340745845,0.25,9.358
0.0106177925308052,0.00124401428976317,0.799018682869245,-0.723420915882344,380.966580635361,0.0578873762205629,0.476546661062837,1013.74242339151,0.25,6.806
0.00858442790431213,0.00116366938034841,0.103550454119622,0.0377330497352872,137.751578903483,0.139446695343344,2.86115762983815,4973.55739920498,0.25,21.458
0.0117186597381152,0.00433368716700426,0.00841592699533023,0.777882717682696,61.282096190236,0.114108786884343,3.49998218409258,4972.10282750259,0.5,23.482
0.0095653519065864,0.00177032616179882,0.0641623600527755,0.929171279223453,58.0690025963849,0.057051089995453,3.08162110413802,5000.04884907822,0.5,21.898
0.0126390835144709,0.000591265788040603,0.678012902802559,-1.02854982661908,435.086648419926,0.0428972093652567,0.425364915842028,683.159565020332,0.5,5.926
0.0176416827111308,0.00366842994284582,0.750009146266432,-0.293185571311632,646.006519309234,0.0715693983362309,0.468114089220173,1048.70626031309,0.5,7.246
0.0184192296746293,0.00409384348661691,0.760768892184988,-1.14155037715675,1033.16937688464,0.0709837207326003,1.32432494006225,3900.4907726549,0.5,11.074
0.0149360849989867,0.000471975122734119,0.680494015511386,-1.11550876962555,583.003961528704,0.0337383507384265,0.503326666538238,972.464206443933,0.5,6.586
0.0148020351859814,0.00215598278884675,0.423839967366547,-0.304159889119871,6.70871595024829,0.0226175702233917,0.140601697739805,-9.01554176495574,0.5,3.33
0.0244965699183853,0.0040395720215856,0.783843555857083,-1.19041124516422,1175.00605089163,0.0457272998905285,1.43491698437155,4727.37722925926,0.5,12.174
0.0171021633500965,0.00476491113112115,0.86586407866833,-1.33355908926747,1167.91572487119,0.0583713026750545,1.60301280363149,4069.66646689283,0.5,11.646
0.0103268431443005,0.0029814619428692,-0.00414542381630251,0.564450256553595,41.0263938890506,0.0762117151094518,3.77218656105786,4988.17679409522,0.5,24.406
0.00722954626569683,0.000353928096020942,0.281548807494534,-0.590632915805699,242.965439751819,0.0472240199545581,1.67882027582943,5000.04884907822,0.5,17.718
0.0196716177296511,0.00267501124665247,0.757768563876596,-1.497631404275,1016.23854851324,0.0425893319171239,1.43353869621961,4179.51952892765,0.5,11.118
0.0134473606964538,0.00114989212602556,0.680765331913477,-0.754074083453252,442.757841499691,0.0462750525644107,0.406869756535575,601.892322303369,0.5,5.794
0.00964955200989798,0.00128167331887895,0.17658631990006,-0.416190791087706,188.146760868511,0.10085727404507,2.47756752675893,4997.82649792099,0.5,18.246
0.0169752693812853,0.00324621767221521,0.728707560107857,-0.143827360012923,633.890404766327,0.0750692514353687,0.44135460897236,873.096736469765,0.5,6.938
0.0154121584078881,0.00141297048974701,0.694982591781426,-0.449918428492764,398.786904033057,0.0510809163835331,0.36439212924708,553.521733062301,0.5,6.146
0.00972051096333416,0.00234421951174332,0.0683031798976964,0.534857248592709,72.0157703628179,0.0844700411859716,3.31596752018376,5000.04884907822,0.5,22.074
0.0187953271473481,0.00381148181449782,0.769358904253305,-0.393893900210012,479.440377863351,0.0584444603877061,0.479289767717771,1116.74497220597,0.5,7.466
0.0105634952005154,0.00279017729636729,0.0218785081851308,1.410876562389,43.3544717989881,0.059654981684907,2.83530468600125,4936.59223824985,0.5,22.118
0.0121349322530129,0.0023215739719915,0.435848221293322,-0.0526502394662878,74.5825542433323,0.0315103101380325,0.208091008132098,-77.4108570034023,0.5,3.286
0.0144693650713284,0.00177739164648791,0.662916459398023,-0.211617359850035,371.04435176735,0.0650082051933787,0.322251783984853,442.618984215174,0.5,5.706
0.00914282990311494,0.000985857909201742,0.201181398001941,-0.895922946750113,199.737428482348,0.0863851684071531,1.76965806389717,4978.70384495396,0.5,17.85
0.0130233481824154,0.00180794564134618,0.507900425731043,-0.875052333882598,532.029825788755,0.0557084531956751,1.50080421780025,5000.04884907822,0.5,14.638
0.015619364982468,0.00210700263192244,0.794911076750099,-1.24500183137012,1033.42062387962,0.0588137568545263,1.51330238107025,4786.45395057568,0.5,12.614
0.0187693425280753,0.0043895069564065,0.816064176399322,-0.731693159399888,547.259001548859,0.0541655116613529,0.615585007566171,1492.37612101072,0.5,8.126
0.0135831952951944,0.00173029338089108,0.637532951056486,-0.222134938065521,385.91422101214,0.070652480753371,0.330952497948235,348.681099427647,0.5,5.398
0.00857998985966423,0.00119321305257227,0.224817118411275,-0.954296066026217,217.367167546021,0.0805779117595155,1.59679244247948,4968.94225411703,0.5,18.51
0.0100181609566753,0.00286398249678847,-0.00713098462093165,1.25300098293675,33.3422981553713,0.0651021708933058,3.5161456565405,4951.44945948407,0.5,23.834
0.0151845592017486,0.00226242978232376,0.724471198426965,-0.0956436468612153,408.558568827866,0.0696215486070494,0.395218064997484,717.589567093034,0.5,6.542
0.00887262466005439,0.00180201556074798,0.197959366489928,-0.734229507004802,196.122744526453,0.0914761653158927,1.68502735102146,5000.04884907822,0.5,18.598
0.0141808770404801,0.00196748800611049,0.477025885894764,0.0123491098732335,-28.2885849385449,0.0409379514730776,0.160034490061381,71.2382125061104,0.5,3.946
0.0181638877472146,0.00491488596628999,0.79187956541093,-1.00166468720406,989.598760195386,0.0716419662261517,1.28582039763172,3974.58416678242,0.5,11.514
0.0231225646223482,0.00501948413525084,0.800679938962565,-0.842878840233464,634.626068072339,0.0435653105228677,0.6790435971788,1974.59050201947,0.5,9.182
0.0125023138938463,0.0045031132609304,0.00539119765012475,0.42369136660531,79.281882108544,0.150752196702877,3.22087797616978,5000.04884907822,0.5,24.274
0.0207074328409175,0.00611298358261739,0.78989255713846,-0.889528855469321,960.037334326653,0.0643691673533041,1.18292612629351,3378.11768430802,0.5,10.986
0.0141369629959533,0.00179575970264494,0.653016664084074,-0.209422845723451,423.524900322409,0.0673527151903902,0.324094176424204,439.696661295632,0.5,5.618
0.0128045805230283,0.00197897342722811,0.496817964338551,-0.826379948378415,520.871650377321,0.0623461691186522,1.54182362792333,5000.04884907822,0.5,14.858
0.00928124989833297,0.00130718709114929,0.101794779971021,0.0125453556205621,79.9432218020943,0.0578732039966198,3.24374448129988,5000.04884907822,0.5,21.15
0.007763233640049,0.0013742143287548,0.297361354307158,-0.848697464047171,309.526809870341,0.0526462783955617,1.69848455465286,4987.32133012966,0.5,15.826
0.0171840869823877,0.00215513909903097,0.780313273749865,-1.51415068398627,1125.39208253645,0.0525587270104476,1.65567198791431,4908.96913693749,0.5,12.086
0.00874591554760851,0.00142773851015622,0.14181916247586,0.0395077884500563,133.012616659019,0.101278996058097,3.38905806038377,5000.04884907822,0.5,20.05
0.00787700249740788,0.00208374387232111,0.311577344193465,-0.853619087901892,285.759233780123,0.0794703961903327,1.79948672522454,4988.95792491178,0.5,15.474
0.0146352425191211,0.00186781319903,0.79105109225375,-1.38515054963694,558.297471639181,0.0449495683220374,0.725678399447094,1638.53532769612,0.5,7.95
0.00859764533227868,0.00142944063984338,0.0920335949474298,0.459647818241313,96.8370403294174,0.105281917500196,3.38071597046013,4982.03917985893,0.5,21.018
0.01351830624271,0.00166075373057047,0.506423964114618,-0.49676014707003,41.2263849373153,0.0352679161210972,0.236671329006791,308.743761721804,0.5,4.078
0.0206576902115256,0.00434126137437291,0.769028333014735,-1.14187107225678,908.131847434325,0.0589301797881771,1.10602347404647,3430.1547238081,0.5,10.59
0.0115660637185005,0.00221408313419305,0.457693817846254,-0.93907254771741,456.419988839781,0.0441728364946111,1.66714902476763,4978.79911464052,0.5,14.726
0.014103622697165,0.00122701332439787,0.530687051172104,-0.639830190109588,72.8380455169194,0.0363223366850876,0.224834492587264,300.182263337235,0.5,4.342
0.0113432415272818,0.00369863434246824,0.0079981916832601,1.83575571428571,52.9362643339837,0.0573510562726354,3.08039196828151,4943.91567372068,0.5,23.086
0.00871645006472531,0.00119961737638946,0.258815313173548,-0.764081958099577,236.819179198167,0.085698487657921,1.6705224196146,4958.08407618444,0.5,17.454
0.00985955221117132,0.00168881361477173,0.147048607570605,0.197503553410428,164.444991136174,0.0947441806798355,2.8820269042029,5000.04884907822,0.5,18.73
0.0116293859225129,0.00373458788424345,0.0188924712294495,0.570556306256389,72.2869153774807,0.134594939646634,3.4418480288393,5000.04884907822,0.5,23.79
0.0136309575077768,0.00161042933459023,0.600267163991591,-0.268793903914265,152.099373094678,0.055457031124085,0.305776558857242,357.445487644532,0.5,4.958
0.00997908082331233,0.00215426634602063,0.44636868418035,-1.00979498256376,415.560333064961,0.0495128314183989,1.58434822367897,5000.04884907822,0.5,14.594
0.0121966432210003,0.000955165644093488,0.640430382574257,-0.81585186556466,291.288616095722,0.0481913552716255,0.344595964792433,362.102103229705,0.5,5.222
0.0191966321941417,0.00345036733210104,0.808815791122615,-1.06040365786352,481.909690666822,0.038947029572508,0.631296542012282,1533.88495553604,0.5,8.346
0.0176912015971658,0.00256569090001979,0.730406587227145,-0.265263284828306,332.567142421232,0.0514524939772894,0.407952269287465,843.768882737152,0.5,6.85
0.0201198243983223,0.0029549801016889,0.789602765710514,-1.49483122780885,1141.84964530481,0.0431497950121736,1.56999753539395,4178.70128459172,0.5,11.382
0.00910868275121119,0.00250568767905715,0.282120944284989,-0.803774289145154,271.74815626866,0.0831553166819683,1.74834252331206,5000.04884907822,0.5,16.926
0.0137083803615601,0.00235156133459721,0.501846027989148,0.137979530768184,-14.1236533547524,0.0510441894262596,0.222089694662219,112.834309749831,0.5,4.166
0.0270608607091832,0.00450689707804869,0.796844887509278,-1.30637466147895,1237.81510313851,0.0379507963800351,1.60698143529777,4316.04601804717,0.5,11.91
0.0112286221752745,0.00512821956986696,0.374875614197752,-0.74900927844842,402.069952118423,0.0756400050620493,1.70213929792975,5000.04884907822,0.5,16.046
0.0184885877517293,0.00263356550662706,0.735254169564705,-1.27371205234572,847.894865963642,0.0572031051562536,1.17530984946958,3470.74377464586,0.5,10.502
0.0102330003859714,0.00203945902117441,0.27124446263484,-0.911382898076015,289.835255338307,0.103440998390453,2.18879284439645,4973.60589301282,0.5,16.618
0.0231625863669701,0.00309771526241385,0.766646933146007,-1.46777930316264,1160.44637610872,0.036185134964086,1.61948769948672,4500.75378542166,0.5,11.558
0.0148714302961744,0.00186957219295359,0.523975028765271,-1.09623234650003,648.667497285072,0.0417568800981721,1.654695911901,5000.04884907822,0.5,13.45
0.0132883188032045,0.00168857865296846,0.446648122475008,-0.120652239991346,-23.2893734821311,0.0336552022303281,0.161106863788991,-65.2925804368342,0.5,3.462
0.0167538444671882,0.00230919387511124,0.576116662732823,-1.0983104027765,752.192646898947,0.044743389571601,1.61132872930673,5000.04884907822,0.5,13.406
0.0109045484330432,0.00304173101330574,-0.0448398637211237,1.21033040094353,30.5296791839249,0.077283027665568,3.81993354650206,4928.89484409779,0.5,24.186
0.014391688224476,0.000897418550284166,0.631191850485908,-0.615824334647447,275.156669452355,0.048581923159459,0.318725049837374,337.279499275052,0.5,5.31
0.00926239725860964,0.00167957758509593,0.17927412472848,-0.426923068990641,186.836294092167,0.105162093697615,2.78782150809137,5000.04884907822,0.5,18.334
0.00975242426386469,0.0010814863068721,0.247248191917435,-0.856400053004329,240.722071752259,0.1084539933395,2.33182057428801,5000.04884907822,0.5,17.234
0.00948369864212314,0.00194373120339217,0.169133770668331,0.0914529357489879,176.931055710877,0.104413251746968,2.94257644227148,5000.04884907822,0.5,18.774
0.00963250101789056,0.00282754865925961,0.404328437524027,-0.75882844103392,397.9675712874,0.0678562816228103,1.7390612987739,5000.04884907822,0.5,15.87
0.0129793597878678,0.000884555210047106,0.626166012186208,-0.75247578285583,255.714276614522,0.0473220871351525,0.310778692632137,388.320195965048,0.5,5.134
0.0180703860431487,0.00323493533172411,0.767896228963142,-0.85571984011322,628.056825688034,0.0557381785281062,0.558930918762042,1324.90235456154,0.5,7.642
0.021650079243076,0.00424227563845223,0.831126975189819,-1.25875990450383,1160.33840135957,0.047952090390828,1.53773105080404,4189.82231023109,0.5,11.998
0.0122144358511522,0.000353928096020942,0.578559859453853,-1.04080819028803,599.920812064871,0.0455715872960125,1.61898234888574,4918.40509949165,0.5,14.198
0.0164326744549461,0.00185070282471316,0.672064743509575,-1.0419698141888,878.23218055428,0.058153189083142,1.45719687954403,4969.25097193498,0.5,13.054
0.00916598211501423,0.00136629046027179,0.139627543256358,-0.71261240753264,125.029686696968,0.0891296489622787,3.38874063645795,5000.04884907822,0.5,20.27
0.0158274346828259,0.00174394789944172,0.729135429743626,-1.19668200591738,981.078995544878,0.0613854916546641,1.48398741200784,4971.77406524026,0.5,12.658
0.0114510780712819,0.0044150982851328,0.36310206612059,-0.76278867127533,331.821140558564,0.0647747985047595,1.52279627645137,4906.03301919582,0.5,14.682
0.0163635899459893,0.00298503383299292,0.80823690103251,-0.630647061492199,509.87311625174,0.0618439254041375,0.54285263059419,1227.01553690933,0.5,7.686
0.0149597020853251,0.00138961348727692,0.546690370652837,-0.0658445252805736,52.1213323602232,0.056790145560407,0.201950679507594,211.560522271446,0.5,4.65
0.0102623398288308,0.00139778889286425,0.222424958707616,-0.839421234263936,243.687297572343,0.106862777569582,2.24700754025484,5000.04884907822,0.5,17.542
0.00990832541546533,0.00136020063424895,0.233384641257085,-1.04902439798666,238.081053113862,0.10958680795044,2.01404093275781,4998.41038882216,0.5,17.806
0.0104681113457624,0.00324516529183966,0.0107207675055323,1.09280055304849,38.6686680459836,0.0739015517923521,3.43840087746252,4893.42219087866,0.5,23.174
0.0136871426232472,0.00375049922783376,0.455506129592842,-0.741136991931435,520.606000117221,0.0649303492522727,1.60104892958683,5000.04884907822,0.5,15.342
0.00880688913775647,0.00209517125620933,0.366128839739368,-0.779875441239698,284.015811425997,0.074682177834621,1.50318043423487,4833.0413071531,0.5,14.418
0.0173609099984221,0.0025921781017517,0.802002805160199,-1.12704796314125,462.525890302488,0.0414234892674887,0.612703012845878,1431.82080354247,0.5,7.994
0.0108284813473547,0.00322247809796282,-0.0442087843848307,1.37039096432439,31.2077470665023,0.0787366689737328,3.73833972535656,4911.77149077345,0.5,24.054
0.0112855171444306,0.00390328230098298,0.00951727781958134,1.18953735869463,74.3862574136041,0.115633818441562,3.23491770371059,4970.09528860277,0.5,22.162
0.0179359208886931,0.00317605968924566,0.744761266814171,-1.19192896392668,861.429340548512,0.0687169115643617,1.17883033426774,3463.61617890396,0.5,10.546
0.0146513986462331,0.000940017620399291,0.582319546295128,-0.655493264817673,189.349305076138,0.0438976677958786,0.280092902605308,215.547351931245,0.5,4.87
0.0126066733051755,0.0050510559058886,-0.0208456786416178,0.899884162119289,68.9661031922327,0.135796193768062,3.22206217194774,5000.04884907822,0.5,23.702
0.0103972040387406,0.00307572115119756,-0.022077315153896,0.346857779818343,30.3401126703037,0.0926072633378037,3.79387927500486,4902.823144778,0.5,24.538
0.00948460524280089,0.00193592441732569,0.143720957206826,0.722192073148821,154.876094983248,0.102764525262988,3.21744250698609,5000.04884907822,0.5,19.302
0.0113628105694322,0.00386542172957648,-0.0208956052895338,1.06890376935561,43.9310291156426,0.105429794760815,3.3427686170119,4903.27111417404,0.5,23.438
0.00905786142898108,0.00162642664372521,0.225748016516852,-0.833111673810355,225.595674536078,0.0714332551779512,1.63584323653903,5000.04884907822,0.5,17.41
0.0174071040446706,0.00182480320729813,0.764543113034422,-1.37722814632105,605.594454239093,0.0396218585543917,0.813743129859127,2033.69982685751,0.5,8.61
0.0199467398300891,0.00298053620147,0.689956419650233,-0.393507747603963,528.270272191185,0.0443063946641803,0.415661099733079,824.689359281356,0.75,6.674
0.00931818012375293,0.0022963652586336,0.174613121646395,0.253255877362619,200.596927810919,0.100625279922212,2.41599113853987,5000.04884907822,0.75,18.554
0.0167296767239969,0.000800022574092325,0.53510436088557,-0.808035485830865,152.443941672619,0.0345340915785997,0.291817807141214,460.348894396121,0.75,4.694
0.00910156116916535,0.00157474303487903,0.0985063000393859,-0.458528881225361,115.159306913452,0.0949709634779348,2.94993753975002,5000.04884907822,0.75,20.886
0.00965281804122303,0.000806787382855416,0.0964643324662118,0.656487196726089,108.465414365143,0.0403712564738895,3.44537027571426,5000.04884907822,0.75,22.382
0.0374236680205173,0.00593186057102279,0.699794814347708,-0.923827301964423,572.018665106564,0.0298371077376693,0.769159372965443,1956.96091403537,0.75,9.402
0.0271498228744133,0.00429178029746204,0.709908047979364,-1.18444671979845,1111.13363555419,0.0399304411171222,1.63471832905458,4923.83302763369,0.75,12.79
0.0233991385500268,0.00547078190858287,0.696591323188084,0.0319411728724364,446.6623595425,0.0556388109152205,0.452461395807856,930.672192696344,0.75,7.114
0.0153754187680869,0.00385365494478307,0.443387538656168,-0.683514256248383,517.85426557841,0.0362743549573033,1.75115358881984,5000.04884907822,0.75,15.694
0.00900167065883588,0.00139743205399255,0.0614493124720495,0.456053919602076,107.952648929077,0.0868140984962993,3.13271248424895,5000.04884907822,0.75,21.326
0.0128229555448745,0.00534012760135748,0.0913043421641546,0.0597873158992803,125.576189961381,0.130622739390609,3.55684256978427,5000.04884907822,0.75,22.646
0.0119750338824668,0.00115389142651977,0.131416123988812,0.093821520657296,153.326959079407,0.054816147094882,2.149918149629,4957.72107973395,0.75,19.434
0.00889598868418458,0.00200308628444774,0.15271609199594,-1.02170452409502,154.256137581865,0.112613760418489,3.31351150951039,5000.04884907822,0.75,20.402
0.0180917654607322,0.000353928096020942,0.587396136007817,-0.837035687280027,294.582477073353,0.0331259279635997,0.325006492107756,582.235328066296,0.75,5.53
0.0217710118892986,0.00414525028621819,0.806597808091395,-1.42901982213627,1105.72529760169,0.0416917463681743,1.45228930523763,4215.5130289983,0.75,11.294
0.0315566718050872,0.00314012766507777,0.755524689549722,-0.892773283665308,1067.71844814405,0.0386783549410022,1.47047675042658,4545.32056933237,0.75,13.142
0.0117900243147296,0.00425641829594319,-0.000961312878413334,0.86859176217865,78.9262592880008,0.0775814217197001,3.51765609182186,5000.04884907822,0.75,24.626
0.00904147627404916,0.00131486646415463,0.0476851543533222,0.587038579040249,104.405833309969,0.0941913463335497,3.24195681643386,4957.31605454015,0.75,21.282
0.0438216838895501,0.00645749289080856,0.70347248234506,-0.420077977788604,1042.85171713102,0.0281910171870785,1.09151491288457,3671.7389412794,0.75,11.822
0.00983678298406967,0.00238146820309268,0.0246154507376728,1.1942116382304,79.4884326516628,0.0737180665637919,3.08049157569859,4953.42521993887,0.75,22.03
0.00917912644322181,0.00165668993993253,0.161354739918696,0.000556282094102856,181.532639639895,0.0700824129797525,1.7856694190312,5000.04884907822,0.75,18.466
0.0117484202321552,0.00394351446277449,0.024006580894768,1.12391848185985,103.212981703321,0.0897928970512465,3.06784123824204,5000.04884907822,0.75,23.306
0.0106639324476513,0.00114214922136342,0.143971256295904,-1.0125078243424,151.612234618606,0.0616571397223942,2.27361277350355,5000.04884907822,0.75,19.918
0.037608077856159,0.00688321714862992,0.726887920718143,-0.707040870511852,689.208445229995,0.0327069482803856,0.726090665484399,2130.08584252187,0.75,9.666
0.010382758092758,0.00353393968514979,0.0578127937452244,0.755872791728248,122.480340065766,0.104693219963515,3.67466431787757,5000.04884907822,0.75,21.986
0.0162613517110701,0.000836206451240088,0.496840798070756,-0.363984661619643,10.9978027971488,0.0359851335954807,0.180145872155246,183.980145001266,0.75,4.254
0.0169629149517182,0.000353928096020942,0.504942908337868,-0.172997180333493,-60.983100325949,0.0504445796936075,0.238170742467374,227.79725461563,0.75,4.474
0.0230182546253513,0.00345536540293651,0.652961156062807,-0.78841199647163,466.775157177296,0.029115474666236,0.388011029695122,862.818026862649,0.75,6.762
0.0133048213147386,0.00673483417871658,-0.0379856517591206,1.09273849662283,76.0141274885956,0.0919960897666176,3.45750656423636,5000.04884907822,0.75,24.89
0.034059115790916,0.00657244774515081,0.793957346768524,-0.855671630662053,1193.70346819814,0.0335352819299016,1.06825512715542,3941.97404027876,0.75,11.426
0.0135279283672719,0.00818251765667616,-0.0254088655345789,1.10674110274378,111.120244197693,0.127288732845517,3.05985732233144,4926.93431897395,0.75,23.218
0.0172605373359153,0.00140358455997059,0.436324714404347,-0.562224008154254,22.3757199513851,0.0261207842172815,0.140601697739805,204.796059719168,0.75,3.726
0.0108487132515349,0.00124989877061278,0.116776554213148,0.0496947070892045,156.06853422867,0.0649959954762866,2.63203918303589,4939.00796226946,0.75,19.742
0.0107633939954693,0.00434932058233302,-0.00538105229732877,1.55508038080596,84.3130309411496,0.074273067316879,3.50234327799406,4951.37126981648,0.75,22.69
0.0187340916648933,0.00186592617703082,0.670574456535541,-0.373757100744887,494.853316465756,0.0482298870090006,0.351216224366016,682.981406856647,0.75,6.322
0.0333566722263266,0.0059747709551335,0.708937703848027,-0.890439401659627,607.841519363412,0.0349278752743245,0.799756277055907,2056.97215234445,0.75,9.27
0.0221249847305453,0.00153519237614686,0.541697879864907,-0.644328194452345,283.946845311624,0.027006399271463,0.321576481713855,517.49438675136,0.75,5.354
0.0098463343799171,0.00115878518276998,0.15179426058296,-1.26226991510042,146.86099942449,0.0737939764006076,2.3810242720193,5000.04884907822,0.75,20.182
0.0330218017254357,0.00532477105414619,0.678233316246271,-1.03712248806691,1096.06161262246,0.0321574277237222,1.5428579413241,4594.41935032821,0.75,12.262
0.0320972466131057,0.00535348874039935,0.74089603230571,-1.09232184496329,677.055247811356,0.0306261923802181,0.892238404133218,2573.73778703615,0.75,9.974
0.00994651826145226,0.00096012543477802,0.114895226067581,-0.658684852850658,134.567029151791,0.08273610493926,2.71997141522564,4926.6850847311,0.75,20.138
0.0107489908129118,0.000829518562881132,0.143969262059489,-0.986448875945301,122.126278950951,0.0524775996102922,2.7046914686454,5000.04884907822,0.75,20.358
0.00910213166842806,0.00209171551216764,0.225847519995734,-1.16784022775061,210.896815736901,0.0969458011077378,1.9610012194113,4994.61002855391,0.75,18.686
0.0431828253335157,0.00638465941087791,0.716881550008515,-0.574494913293785,753.91057315052,0.0257174612265882,0.839900998642236,2659.73910226395,0.75,11.03
0.0124927829099543,0.00391165471317407,0.420400025629002,-0.680407889140114,499.547735602145,0.0460544494401054,1.57789710071014,5000.04884907822,0.75,15.65
0.0240895829198053,0.00403213161259617,0.626349700387688,-0.00893253316088849,418.284089001412,0.0470736228654171,0.315153982634105,631.191990802145,0.75,6.41
0.0351178919827261,0.00857071965411518,0.657525601636774,0.277987352849128,603.547970381501,0.0624066560864531,0.693308414956693,1292.40937173587,0.75,8.522
0.0282860711030159,0.00460484211935625,0.72166276976958,-1.21673122508737,773.443803372751,0.0316345224589044,1.09359094913016,2833.39818669158,0.75,10.15
0.0155145483970323,0.00804082072451625,0.375718850621018,-0.635994079791839,448.964844342792,0.0683772545644227,1.45992418165523,5000.04884907822,0.75,16.354
0.00932913172513535,0.00258677159615917,0.234825903624592,-0.919551854826305,243.366597487615,0.0876130117998543,1.58341124615752,5000.04884907822,0.75,17.762
0.0178020270736897,0.00368255996810803,0.369943230035885,0.230408624713771,-88.00414084845,0.0397135865816052,0.140601697739805,-202.128804472337,0.75,3.242
0.0326972725883327,0.0085977168097396,0.684445170386581,-0.125749597914428,611.852789312389,0.0552838512291943,0.645626843509361,1462.37638091831,0.75,8.434
0.00919371238416085,0.00209425897011169,0.118352191105309,0.661716171166799,139.207510470776,0.108394972446864,3.57085766218157,5000.04884907822,0.75,20.094
0.0305503836695612,0.00552657825455224,0.665109449094781,-0.768947211615161,1020.72544297882,0.0492605244694242,1.74717961866713,4796.07802038875,0.75,12.966
0.00951898409167103,0.00264870181062305,0.0223144989617741,1.44401059534899,94.3091704734483,0.054958066521748,3.48971201345662,5000.04884907822,0.75,22.294
0.0146010135827171,0.00557876453040443,0.417655109440256,-0.790884949044972,482.57666237052,0.0432216047582728,1.65966325593338,5000.04884907822,0.75,15.166
0.00935656341789458,0.0028992608234905,0.0098575976696002,1.58978964366347,70.8187030871397,0.0518553560894664,3.3958785335438,5000.04884907822,0.75,23.614
0.0329968031487826,0.00784719117254146,0.734059591422846,-0.137662416737847,707.405344023224,0.0540578534276588,0.634357260886581,1565.15923509715,0.75,8.83
0.00916161980581229,0.00183887863271562,0.0453726152578859,1.06086612252626,66.3778500741703,0.0460728362553706,3.45951619586411,4997.18722995789,0.75,23.35
0.0292853422848179,0.00395373595734515,0.639863843595301,-1.06912611878115,1012.49101277543,0.0355152590717141,1.70752135881813,4686.44461208805,0.75,12.746
0.0133561793456399,0.00593204381779948,-0.0174113044534201,0.836675157846187,75.760792418766,0.106927058603025,3.26240027484845,5000.04884907822,0.75,24.714
0.0165228356225639,0.00876895208689233,-0.00673271045380874,1.15655337836054,126.756236500424,0.122291949125509,2.83995437511271,5000.04884907822,0.75,24.802
0.0102896500481365,0.00167433434128288,0.133326880846555,0.47453998127157,159.156755968836,0.0812184105476977,2.37155214394733,4994.66622512599,0.75,19.038
0.0117099555131434,0.00419477909987848,0.0359748902055435,0.992693480628937,91.1862396881314,0.0960032129937074,3.16920999165087,5000.04884907822,0.75,22.998
0.0103982561040571,0.000547934115499332,0.174307022594216,-0.986427711104735,183.498827271409,0.0501671468204255,1.91847733266568,4990.82750466033,0.75,19.522
0.0321465605645631,0.00845939283214221,0.709109682384607,0.0562751943175803,547.753085766515,0.0542580540929529,0.558442718485616,1237.07851175787,0.75,8.17
0.033133063008934,0.00727157360524192,0.807305176165356,-0.491674449817418,809.829440704522,0.0446207682102564,0.670151215087038,2515.71291018414,0.75,10.414
0.032799994454766,0.00570765807969323,0.720117046341378,-0.740679964190876,1195.38355472155,0.0457195915459433,1.32020990005745,4628.05715454935,0.75,12.35
0.0126936960407237,0.00653207288873646,-0.0460268227056094,1.30492464098983,68.9221578415247,0.107600514743016,3.39631565594934,4977.96567451607,0.75,24.142
0.00931416833673134,0.000885479285143785,0.0946783771682711,-0.168484830813523,91.0946780212087,0.0659915095656817,2.78560489135116,5000.04884907822,0.75,21.414
0.0371671316733316,0.00764157850935556,0.683291107018637,-0.333286827648118,786.72846433295,0.0420792106534576,0.779603229441078,1918.82518973327,0.75,9.226
0.0125956117066844,0.00572887660306021,0.00751343651997299,0.694594611515214,82.8343783853975,0.116309400323637,3.36202241790261,4906.77024551111,0.75,22.602
0.0265311197984755,0.0070058136020569,0.718384049002771,0.214728876691505,434.380617180233,0.060216893964705,0.45203620181331,927.258380310358,0.75,7.554
0.00904046949778505,0.00157799362366102,0.0745625546170514,0.12360400320009,105.766311391261,0.101479811443894,2.87133095849644,4978.63070246893,0.75,21.106
0.0332821582968966,0.00723344850954066,0.727970606127977,-0.52419283360706,747.160112108184,0.0428813614684435,0.675309657779687,1898.95368490308,0.75,9.138
0.00917581101915744,0.00113782057937183,0.108691384587875,-0.668867311968224,125.030292809269,0.088301785669668,3.04474836918478,5000.04884907822,0.75,20.754
0.0058778950833784,0.00168765701343459,0.247565757932303,-0.495474344569233,276.359325563329,0.0371525255694853,1.41055367537803,4979.851308092,0.75,16.97
0.011322987311441,0.00146167649983455,0.160019599632331,0.0979258913915112,163.392123387615,0.0458145452468464,1.89771550949576,5000.04884907822,0.75,19.258
0.033790608089613,0.00886029377152708,0.657014007590632,0.109705284921364,390.63305814065,0.0466715262373078,0.551690369275227,1152.21555641687,0.75,7.818
0.00936909357321117,0.00100634710864438,0.177949783067565,-0.564341172717225,189.919029998582,0.0810623743998289,1.86840343769161,4981.6179621263,0.75,18.158
0.0353402354266624,0.00562373504426004,0.741616444454959,-0.562037762623933,1216.06904390363,0.0534531292967662,1.35379260312909,4540.65201903352,0.75,13.01
0.0203370383141118,0.00258285387828573,0.416173619281946,-0.45795808269509,77.1238068488265,0.0220008782264559,0.144135122153321,199.581469880319,0.75,3.902
0.0333696406533966,0.00482312825400518,0.699224214352038,-1.1180245898583,839.088626640567,0.0266132140314348,1.08080374280699,3042.65353287736,0.75,10.282
0.019884223158297,0.00210430884720667,0.487076337147448,0.105570321685222,35.3106653381835,0.0415506834306645,0.265823965011682,181.294616579935,0.75,4.562
0.0290059591171932,0.00224897344174837,0.672321358405719,-0.966756201421272,953.430654308688,0.032128076333426,1.64692738559658,4873.44701757714,0.75,13.802
0.0304339574458325,0.00629489846495003,0.732393038874548,-0.765362969994234,844.15110080067,0.0494085357658603,0.901140559021591,2785.30814477348,0.75,10.062
0.0120550834675628,0.00431537067846212,0.394690987944117,-0.540238574215477,469.315280061669,0.0432356496624131,1.65744746189564,5000.04884907822,0.75,16.134
0.0180131428221454,0.00108751418967005,0.469337121257529,-0.242278727196635,9.27840120030106,0.0347238709008778,0.176583479103158,130.810669094529,0.75,4.21
0.0325554248944657,0.00535429157745579,0.752145715870349,-1.23367326213241,948.064127692884,0.0239024664660789,1.04265778710466,3357.6844701117,0.75,10.766
0.0193980991064481,0.00738273262403406,0.507334289146335,-0.668520745502303,686.018544296127,0.0705393554187188,1.5635493411922,4990.20511213388,0.75,14.022
0.00966564967739688,0.000897433003734786,0.185632492594641,-0.420036320279382,203.85060702528,0.0506220673406091,1.64561890245824,5000.04884907822,0.75,19.17
0.029387555624926,0.00623405545331351,0.748021845884657,-0.806629875688953,794.069091072691,0.0451674902076528,0.84052105062254,2402.39350153159,0.75,9.578
0.0129155375687271,0.00729569889875195,0.338582306099898,-0.589205361067615,391.092378402447,0.0720916772698324,1.4138910202765,5000.04884907822,0.75,16.794
0.00705786583827122,0.000845412955520146,0.213874244898355,-0.618224658389976,239.80618292289,0.0398480933872615,1.44645071108845,5000.04884907822,0.75,17.586
0.0176061728947085,0.00374896162650059,0.363995036245727,0.111036607549159,-72.1164941619492,0.0330926512416693,0.140601697739805,-197.378440259994,0.75,3.066
0.0167866051678852,0.00237210912880992,0.465246496689592,0.151483153298477,-42.5614378922984,0.0431389602827005,0.21922543805865,69.8702775055099,0.75,4.122
0.0453188762298277,0.00725097174714532,0.689245298955295,-0.413954883700014,800.543279864903,0.0281837543080013,0.882865752570033,2743.50168564436,0.75,10.722
0.00913232334577183,0.00291280441172362,0.218618258777518,-1.54915309187234,195.423546231088,0.108776696829146,2.51357069957678,5000.04884907822,0.75,19.566
0.0116481529535858,0.00546642983120611,0.339889452726506,-0.859876510487472,368.196716415288,0.0897311391457126,1.53598869836017,5000.04884907822,0.75,16.266
0.0326003742402031,0.0058584979255212,0.709003446719653,-0.874583913743895,754.827450447284,0.0337814491850601,0.868559422406519,2271.95912641108,0.75,9.49
0.012347393300874,0.00399166489930893,0.0158139326511985,1.416689142173,121.846067853555,0.0643062972713706,2.54384864198074,5000.04884907822,1,24.362
0.0103556349522227,0.00350630381460351,0.0194509741807714,1.77774033140571,123.155846497309,0.0607074797798434,3.35289469321397,4957.06359204773,1,22.25
0.0491346897818754,0.00686501649508194,0.680819148527718,-0.130239852398623,514.589933335749,0.0374404177119889,0.625297691706363,1654.23183343236,1,9.534
0.00997141374831412,0.00216842401160089,0.104011065513735,0.321647591696269,147.877251266445,0.0621891654147648,2.22255298583106,5000.04884907822,1,21.238
0.0132255435165374,0.00829950087131749,-0.0695896020464029,2.18667557565424,118.335309130866,0.0826230212470075,3.54668423572266,5000.04884907822,1,24.45
0.0293488853663377,0.00705759960211119,0.673819414684292,-0.697403631213078,744.119410937452,0.0449699277965216,0.893392830416078,1956.1795554152,1,9.094
0.0305970921594816,0.00403696410487168,0.487887321504779,-0.142020502408108,220.527679775234,0.0242837774386541,0.401726341712914,540.832729017339,1,5.838
0.0450104553767727,0.00891994779506669,0.554455634411251,0.607122270060798,170.861321272528,0.0432079851579807,0.504526429430732,988.250448681174,1,7.774
0.010623652826107,0.00544492772511419,0.245465705202306,-0.038280480421913,279.729083182524,0.0870362509975075,2.07150042012311,5000.04884907822,1,17.63
0.0235421622291646,0.00312294482980805,0.365205316079423,-0.288441727665021,82.1882045827231,0.0214817768661349,0.140601697739805,374.28627782788,1,3.77
0.0102947957269012,0.00242093119746914,0.118388685872903,0.876206961467914,143.866416031886,0.0826603649712891,2.69338312779252,5000.04884907822,1,19.654
0.0303697487990911,0.00486258498882587,0.495606923281546,0.0243078501940103,110.182777446952,0.0320648296827416,0.429014612399717,721.237699312677,1,6.102
0.0406239112038757,0.0113379751756615,0.593169924539915,0.503748245861955,1070.81809520421,0.101261073701952,2.21237165443337,4384.6316468734,1,13.23
0.0505608833412823,0.00602072552504641,0.566904404013072,-0.240376293688521,613.800395489306,0.0355677294577717,1.1149632386134,2169.64856662962,1,10.018
0.0205069914599969,0.000353928096020942,0.424679715449699,-0.664877512787707,646.81313729102,0.0316297123373354,1.54513348410291,5000.04884907822,1,14.462
0.0456429470941877,0.00591480818962296,0.663732751635393,-0.673835415921063,659.884506375989,0.0301126933507151,0.822569854556971,2053.78408399673,1,9.798
0.0432239282776081,0.00648743930425796,0.678711962175662,-0.728199727132788,1081.0244512582,0.0311009655525625,1.36269608291482,3872.88852044005,1,11.778
0.0309834707838673,0.00344238136587849,0.481208876287896,-0.261339740380093,217.138982429954,0.0214817768661349,0.22951900940351,558.880467186138,1,5.574
0.0100559930187294,0.00102089690975565,0.0714588817672382,0.515122104309203,106.486894417973,0.045401557299364,2.93332664942251,5000.04884907822,1,21.194
0.0417107771118442,0.00391900885245626,0.73542584508815,-1.04453011708482,1024.00323679748,0.0270151460211976,1.32215998767255,3649.50272694495,1,12.394
0.0147870574492362,0.00753735254770338,2.33747374666082e-05,1.17459083995171,132.5546807466,0.0891264558462616,3.10915022236595,5000.04884907822,1,24.934
0.0324168838946959,0.00652107358784412,0.549735843205218,0.316517250378997,241.099239660336,0.0449026504856803,0.366487771209356,691.1463553797,1,6.498
0.0205617284483262,0.00782815027814858,0.388178905144752,-0.65235946655872,516.537172359874,0.0547495237917927,1.48974395174492,4938.88427581076,1,15.43
0.0462961690676695,0.00785369706932765,0.65811607173141,0.076648745848827,610.423002747841,0.0431746748776547,0.63620641240387,1437.13044265441,1,8.918
0.0199990998878848,0.00272597243197366,0.365856468535329,-0.361597402448805,74.0135471353182,0.0214817768661349,0.140601697739805,88.5607155808375,1,3.022
0.0485208507780509,0.00801015995912535,0.596195343254274,-0.152872532093349,504.825803325317,0.0352506432116988,0.758215767935612,1554.10500333589,1,8.742
0.0154273416168885,0.0109574007336633,-0.0548740907610575,1.39392481876297,122.364297004718,0.136417255438847,3.48424575358929,5000.04884907822,1,24.098
0.0238491340141906,0.0035639682118668,0.358109563281319,0.0933006589259762,107.658786675681,0.0214817768661349,0.140601697739805,66.2521507921674,1,3.682
0.00767411402539695,0.00338203779187889,0.183616770437417,-0.945849757475765,208.03392842967,0.074293566872849,1.77696190248441,5000.04884907822,1,19.874
0.00997180576482388,0.00331179617135242,0.0453878070629949,1.4505710100806,123.681681356063,0.0992910709319776,3.12008870783707,4978.48287862553,1,21.854
0.0241920480347346,0.0118243596233513,0.409243373997371,-0.280320337281984,597.056074000283,0.0637083990180125,1.4915815591759,4916.57469549448,1,16.398
0.0468816531094097,0.00767210373300616,0.64479202043513,0.0474902703978047,637.389630744514,0.0409423572406644,0.667097274015095,1489.3511932501,1,9.05
0.00742633072062392,0.000353928096020942,0.181916655445018,0.144404401612736,273.755021334689,0.0413838196878105,2.00129071441402,4968.70941358299,1,18.202
0.0388100586190075,0.00742263210797128,0.584379770129787,-0.356973837727772,374.292607914894,0.0234234163597717,0.448600525742058,889.804267568237,1,7.202
0.00877138643356387,0.00289411095436344,0.142645155558074,-0.442170950622438,164.119403889483,0.0833305102360288,2.49508304448742,5000.04884907822,1,20.006
0.048733188228012,0.00831789560310319,0.70861611688624,-0.176801110833746,1214.11045608301,0.0657250247839585,1.76965565217833,4304.75432773544,1,13.098
0.00888343962943285,0.001991201906699,0.254294631722014,-0.476169592981256,349.863900993141,0.0368353106260256,1.70367661642017,5000.04884907822,1,16.75
0.0256389370449729,0.00158236359422225,0.464263410127379,-0.294845264885252,167.674488401928,0.0250920425935693,0.28812861857281,407.90925327342,1,5.002
0.00941549954252897,0.00325134017275333,0.10053795494123,0.785159989627481,171.63013532592,0.0860759289533113,3.06822655098084,4918.19124257174,1,20.798
0.0253954673180838,0.00429057978392515,0.394807383276968,-0.347728451393611,595.865183467079,0.040126228612546,1.4965547728085,4753.67443714916,1,15.562
0.0388732189524262,0.00498873122022137,0.632363450026895,-0.941422185787161,687.198871919266,0.0300800421950691,1.06286006585007,2484.96636800514,1,9.886
0.00976836001079747,0.00404953230101834,0.294044675458081,-0.538058306590906,356.580801170717,0.04617382092734,1.39585868659205,4996.31820846365,1,15.958
0.0176804163473599,0.00746426177939444,0.307392413963782,-0.152146658307346,457.709245850439,0.0620455749586291,1.63694044922648,4726.40256633694,1,16.53
0.0374076656464816,0.006231944863692,0.70984160415665,-0.796313214675224,616.789843994624,0.0287654216017173,0.58229335467356,1621.52118996597,1,9.006
0.0367461884247843,0.0106326612261002,0.559184908742186,0.508895093781331,949.225041753857,0.0968735674399048,2.17484539353577,4246.74131852709,1,12.878
0.00918166827588404,0.00178240900247528,0.143693883545629,0.241727735433707,196.439259964804,0.0587873515355533,2.17495407240648,4976.70380292648,1,19.61
0.0162120476250906,0.00979579027237174,-0.0328386403823671,1.30849920377541,121.682866589147,0.116116332657567,3.24589970687289,5000.04884907822,1,24.846
0.0354672483398381,0.00573279410497206,0.511779966777843,-0.412371135016436,237.687222751243,0.0214817768661349,0.360816088406741,917.62651628195,1,6.454
0.0112764233716664,0.00449760807356611,-0.0210591472830868,1.55422798288853,99.7500790706024,0.059904191651479,3.25352894290026,5000.04884907822,1,24.494
0.0485175916151287,0.00592165896696218,0.603342510228377,-0.478835266709909,737.928418815107,0.0289336171556271,1.04766731158685,2529.95240177968,1,10.326
0.0361215948934758,0.00651677205330246,0.663790350923478,-0.881736967727612,659.706971862867,0.0264394009544502,0.610017036194803,1529.52405202962,1,8.654
0.0269920753945863,0.00524537161108701,0.630319981010157,-0.353768206144472,397.873741097546,0.0395210425926555,0.475195300157829,907.515594600517,1,7.07
0.031244795206805,0.0067230426294404,0.573840226807117,0.388638281696727,224.560447377771,0.0487655930438966,0.440979849654574,781.762858775843,1,6.718
0.0102587819855176,0.00728023184125607,0.271265763073317,-0.59092363371161,288.070386937104,0.0859802474568962,1.62490984778503,5000.04884907822,1,17.366
0.0300051866824775,0.0110849934327884,0.440227752122441,-0.276547900036551,660.699441854167,0.0539764422096971,1.37461600593819,4780.55734549937,1,16.002
0.00922874286001855,0.000566143242792403,0.159952455742488,0.102622986032563,223.011191930839,0.0509893679834208,2.20519777215031,5000.04884907822,1,18.422
0.0543289631769861,0.00815208047684855,0.599355168036264,-0.257366395136431,1120.33177584508,0.0418949321717507,1.28441901786675,4394.62492638359,1,14.77
0.0232209796178913,0.00348820799601299,0.362881672789,0.0184540620459198,90.4384116473015,0.0214817768661349,0.140601697739805,127.198202763896,1,3.638
0.0329942403015255,0.00483309824001637,0.456064364823129,-0.420063012775104,713.391326246462,0.0338077920437221,1.35773883185148,4781.68627026818,1,15.386
0.010220177132317,0.00194030290712941,0.0994477193479398,1.23084135881853,162.072671475389,0.0697102020125665,2.59966884941336,4828.75645146745,1,20.446
0.0521674259407866,0.0025856006448391,0.609346944221888,-0.702676736705203,987.3250870226,0.0310169549757545,1.57861119907463,4031.61567879061,1,13.186
0.00933043676808271,0.000809275285248405,0.0449536141794546,1.27405147501623,115.282998719069,0.0507400799680207,3.31613178495921,4986.29206730853,1,21.59
0.0261166825969325,0.00312819950394909,0.48883752299454,-0.343499763692207,258.405535165229,0.0221161737240185,0.392831649851062,470.539772603711,1,5.178
0.0127311538941605,0.00530110611685893,0.0562509710078974,1.22714032068869,137.797540584904,0.102323274692756,2.75430270964139,5000.04884907822,1,22.734
0.0379052737672536,0.00379298725565685,0.535177109181691,-0.705745182647218,868.588892212648,0.0244509669475475,1.3252105436321,4836.54299922472,1,14.99
0.0554273492051604,0.00617283193926723,0.645824070381229,-0.291654184631772,949.486976955359,0.0589063892431213,1.76241319218325,3681.51625451881,1,12.834
0.0383404021889894,0.00457941687370075,0.714406291179115,-1.12461948437053,1134.32358132426,0.0323902410810514,1.52982398643879,4156.28899972951,1,12.438
0.0432606117332918,0.00358927294051695,0.63548283995915,-0.753773019366419,1099.30916417894,0.0344019088558623,1.42420663956119,4715.98071016794,1,13.978
0.0409797010556427,0.00566405100286941,0.698525728345218,-0.891737556958091,643.212887227853,0.0307911136955761,0.784690057993457,2204.64668937205,1,9.842
0.0434309904174402,0.00898460808271368,0.568716818876543,0.09758642170786,278.989304221002,0.0336120153276566,0.550224666880113,1093.61833860867,1,7.73
0.04159210335551,0.00634967239860495,0.603899020634521,-0.402930712645564,970.331149403615,0.0568503079596584,1.78432020223773,4189.37868655063,1,12.57
0.0326719984292202,0.00502443072630528,0.534318075649145,-0.282965213369669,333.544240584523,0.0214817768661349,0.394026100721322,648.647539267924,1,6.234
0.0103922894916223,0.00143521724374054,0.222250511443231,0.0551764794791187,230.970777241225,0.0426770111653847,1.75970783860238,5000.04884907822,1,18.818
0.0185937368212699,0.00828534286015583,0.32076721058038,-0.0574868535339225,458.126195091527,0.0788011725307965,1.84912968267796,4851.3525022744,1,16.486
0.011165147470986,0.00797009421565428,0.27284138179161,-0.505974156105145,323.537052619351,0.0792038314063441,1.40201547791304,4956.88056164295,1,16.882
0.0533551810528427,0.00688317884340789,0.623532041087453,0.57216469884476,663.736418308282,0.0445125835723706,0.818949570766569,1903.68616648157,1,10.458
0.008531282828592,0.00540646148213175,0.253902643614715,-0.789172461166887,271.903921901172,0.0941608008464908,1.78316162049204,5000.04884907822,1,18.114
0.0214586017525128,0.00700880754914547,0.481418413525526,-0.799501768568686,656.99246463286,0.0539850963228074,1.8424961361573,5000.04884907822,1,14.242
0.0508706167004177,0.00852416603652169,0.595168097548216,0.497822750306978,846.288486231568,0.0530466992056642,1.33263595531068,3080.05030812243,1,11.69
0.00916371983973374,0.00338031971701696,0.18190488888659,0.831004999920383,233.136442335663,0.0953956032112061,2.79101684146563,4885.90624613083,1,18.906
0.0258913577592193,0.00182636430312584,0.445861558822271,0.145186644902295,142.959963320685,0.026718198308257,0.17847602102338,409.45834558058,1,4.782
0.0277101296323504,0.0029176291807634,0.552996600322143,-0.424787728100668,310.446394976442,0.0273428220299084,0.320491923215308,552.838647130391,1,5.882
0.0194784472586242,0.00358486820669541,0.362635680532319,-0.0603236983452001,49.8414726336985,0.0253232855360979,0.140601697739805,-185.977045903904,1,3.154
0.0103505223100268,0.00134040944720821,0.0647189693538449,1.50366694311942,116.567196620446,0.0426698189933989,2.60641356883957,5000.04884907822,1,22.822
0.00903478580090065,0.00269543989789682,0.192997700430267,-0.352864532788283,208.55766280141,0.0740250784347354,1.95409171122318,5000.04884907822,1,18.95
0.0266842114413728,0.00504121075545447,0.428797439263365,-0.530826744264261,708.450778090682,0.0414850209384188,1.3638486950895,4880.38233826532,1,14.55
0.0360686861748883,0.00470468377089582,0.551996067769482,-0.567658776854971,886.54730884685,0.0490517297251367,1.71844748224329,4220.0458588328,1,12.526
0.0362410180363806,0.00572665483897413,0.503403808022221,-0.201709729890173,870.477770660389,0.0588475265878473,1.67938819518293,4811.71790768102,1,14.33
0.0439356159010122,0.0080074466779947,0.633928433100455,-0.238267225948666,563.417204711721,0.03703966101294,0.694320212144134,1507.11971294099,1,8.698
0.0506931615627957,0.00836902323328242,0.563585231374384,0.405438200409776,422.502037809806,0.0378544928875681,0.695652495550817,1168.87755816814,1,8.566
0.0507501614637802,0.00638819095698196,0.649636395612752,-0.466634342287021,561.212880191296,0.0316640954592096,0.783185528589948,2007.91831530619,1,9.754
0.0241670559254451,0.0010767998623669,0.427158662378048,-0.11470005760416,68.2945973079047,0.0257890997229425,0.180684388550182,316.168883022477,1,4.518
0.0109345802422881,0.00610043866892875,-0.047741423412708,1.43128003593111,84.0638846160655,0.0903566699681111,3.39260674146921,5000.04884907822,1,23.746
0.0526649722337089,0.00548032988209466,0.638716279246907,0.177934824538432,726.554888729149,0.0341340594856779,0.787990932027198,2037.25185259549,1,10.854
0.0406144826668196,0.00855668995170679,0.5365972488441,0.238009669520159,241.003088442132,0.0320778223618789,0.543417648905295,826.398843377723,1,7.29
0.0333498971449216,0.0076115481952318,0.527945841696549,0.474433586253877,257.821892158243,0.0405114410877357,0.427168922281676,698.003846585589,1,6.366
0.00909617178226298,0.00152098822836334,0.149237732829947,-0.155862041354928,199.698578982994,0.0578771719239906,2.02521999864284,4987.31934193905,1,19.346
0.0075300963660536,0.00238082560187863,0.266331894792583,-0.492724676379358,317.68144565531,0.0436682494644935,1.5820644633511,5000.04884907822,1,17.938
0.0222932100760731,0.00344503443387245,0.354085862929291,-0.152441356959737,107.608462516899,0.0214817768661349,0.140601697739805,197.717380044584,1,3.198
0.0554436664216347,0.00565218530851125,0.631611093829362,-0.171763496515709,649.30663585261,0.0279936496243155,0.852257133428598,2384.65732032594,1,11.206
