Out_train1,Out_train2,Out_train3,Out_train4,Out_train5,Out_train6,Out_train7,Out_train8
0.0058572947609624,0.0239364280783222,0.139448558507864,0.00150575207611703,174.640593896469,-0.0264297841526025,0.146802839322434,0.0337570848501996
0.00603303169393814,0.0795481265770126,0.975018331423811,-2.07511284457109,1328.83967678367,-0.152416405063189,0.0925593920809553,-0.32358459103605
0.0057312795542131,-0.0124758921643071,0.711909332361212,-1.37001442978329,734.531727913759,-0.0575656672442666,-0.0068209758887518,-0.298151259727569
0.00589289969794812,0.0490864002421153,0.923998656389958,-1.83828685946103,1075.10606956567,-0.0780402315424982,0.0595429022122428,-0.202228447515812
0.00642540454119362,0.0482015555054328,0.912829517758565,-1.28626724009026,748.537910699927,0.114766328917098,-0.0257305177034448,0.0385485991959937
0.00569822883033017,-0.0296763351116385,0.391532371627955,-0.96147318593341,315.908799604208,-0.0190993277053807,-0.0597937353084229,-0.142436411859131
0.00630527903343402,0.0490491532423777,0.887415592125821,-1.31201035381914,646.825451150922,0.0729309542112689,-0.0452380028754452,0.0903851089042359
0.00568786168107489,0.016886241100216,0.201498373284033,-0.333028932273312,209.009004853661,0.0987578516238746,0.296698150041667,0.00499478545878997
0.00616467003437142,-0.0476921524680417,0.565941964378711,-0.801311150927492,119.714585803562,-0.10672696696423,-0.0126484649859007,0.238396294313749
0.00613312620956151,0.131760305332848,0.965024841162376,-1.71643234706459,1229.88595756692,0.0468597242612541,0.125949458778417,-0.194232701475719
0.00840897791896677,-0.0615912816978299,0.177629350109364,-0.463273629051191,192.103273700656,0.00411263588410027,0.140494131428895,-0.041778797329917
0.0120138816789918,0.0403785115569573,0.859246703468389,-1.41706285141727,745.848374627643,0.0269783150324399,0.0224686605791937,0.0529331578187656
0.00857558837621081,-0.0714959324394807,0.0682210631078013,-0.284582611526823,99.0269064159983,0.0735023720118839,-0.0997652663113955,0.174703083821158
0.00964156869076137,-0.0803543023484558,0.748084418289761,-0.549868006960563,143.2850089574,0.0146963858401493,0.0194365046177234,0.199947363768764
0.0132485710863452,0.241814063340232,0.920815290073951,-1.47578655451899,1334.68095292157,0.183094407103939,0.146254607687255,-0.269077274905873
0.00866292625768148,0.00405099426826637,0.399507134673472,-0.977308783361387,361.807914071451,-0.0666065902256882,-0.0535044232364156,-0.224710466342756
0.010446976044162,-0.059738508830667,0.509225289032392,-0.701438165282022,80.673401718571,0.0393856855121442,0.0182840111822979,0.200622916237483
0.00836863535048432,-0.0657011966107458,0.483976398291844,-0.92119651344599,432.959289480263,-0.028981936677659,-0.0365297567469459,-0.17659772083133
0.0082648087699198,0.0267139742658248,0.40300992604937,-1.09032458068448,355.55320820852,-0.0634625593311707,-0.0505672868280066,-0.172125736830431
0.00839330226018123,-0.0192206293108203,0.458346995104677,-0.978165329179607,399.94163965212,-0.0529214714853972,-0.0263826397668957,-0.123576238829366
0.0097570261431101,-0.100597326001368,0.604193771482137,-0.282990240923793,-10.8012566815958,0.0109809338273266,-0.0307774465950054,0.165038973738496
0.0122477215915009,0.0326973708265386,0.878277179460471,-1.25776084083716,788.299964378711,-0.0251794955372303,0.00651579193730967,0.0602817353667352
0.00816193708988647,-0.0459817098321148,0.359873179877096,-0.84270023738547,305.945620560358,-0.0276748541699111,-0.0843740858226846,-0.129162062016985
0.0116709439641704,0.0965969563056097,0.894996844078742,-1.38991891081328,746.015744016248,0.112128942012607,0.0438274225498478,0.0974069823402294
0.0113118970940527,0.039082571307793,0.819431205082804,-1.3345772369278,459.386181793563,0.13751849457404,0.00356968103624447,0.15302525059184
0.0103425466097282,0.0420148193839126,0.821129549005311,-1.4727692320033,605.914431159254,0.0930459104036324,0.0150534715313323,0.0783658430296413
0.00811862462243516,-0.0215498305713618,0.269253744401624,-0.939418686926008,231.139375637954,-0.0409338759636813,-0.0935995566257752,-0.107867071976473
0.00924272638266847,-0.0398758208995403,0.176256159775023,-0.850220957552401,163.840858060619,0.021958107982917,-0.0589378307648022,0.0327036673574948
0.0100635440058327,-0.00324898050008275,0.615154775544214,-0.920382959263306,10.7901491823769,0.202177914436691,0.0256188977450314,0.242021006161009
0.00863261462347672,-0.0802453620209582,0.320285011977919,-0.798243877127507,282.176356889907,0.0217879679808061,-0.0925004209406983,-0.134535720835057
0.00927720716592022,0.043540612117925,0.0829302389032392,-1.15326101562953,86.0029193521508,-0.132695215135844,-0.086011597916791,0.169248806404901
0.009089062076867,-0.0690889430194099,0.044900496178523,0.519175524889461,95.4420631392563,0.143843594752174,0.12979062068095,0.190103173179401
0.0101442378918863,-0.0908687261478412,0.624621497760649,-1.14585158947686,675.037118806374,-0.0835715887936987,-0.0233161390828419,-0.311987959775173
0.00837555077596084,-0.0535228024469747,0.249549338610561,-0.857695394083321,223.792504568097,-0.00597132581288118,-0.093364464540791,-0.110957794977133
0.00948389021976877,0.0505831476194868,0.082503836225914,0.340306333321282,77.7575741485261,-0.151220823917666,-0.171713561741249,0.215070095968126
0.00860948682428914,-0.10061245099257,0.277992690344756,-0.752396519909133,250.22025174461,0.0683180892102951,-0.0849832010941469,-0.0839027376615435
0.0078241955004687,0.0124968501052239,0.379432548692844,-1.04033656982888,326.672569419852,-0.0564528187093102,-0.0499241452525904,-0.143661219621831
0.0102891999791688,-0.0348553690699873,0.789737350276013,-1.06366997002719,596.085736131653,-0.0107815879565445,-0.0403304843194976,0.114386816344272
0.0114961200916571,-0.000799306039032943,0.843008946984689,-1.48704016771173,762.261233369441,-0.0410574529613963,0.0238711044946568,-0.0404247852173188
0.00810292188313717,-0.0235934941197975,0.379844839079262,-0.901820796104645,322.540415165087,-0.0435263066689011,-0.0497697829559237,-0.129232377151708
0.00980079960420791,-0.0182702120092186,0.764776377460681,-0.966299937741452,399.848065409853,0.00756017354954655,-0.019172882266708,0.183077060274971
0.0120408951150922,0.0637422935465669,0.868742026872201,-1.31961396745552,947.237449817727,0.000658279867121525,0.0193716864876165,-0.0810014864733527
0.00821443432975733,-0.0509201715929515,0.258381365482762,-0.753739679764989,233.563752109155,0.0799133305338621,-0.0767998241820304,-0.0129646308070869
0.00919005520258306,-0.0430531058447953,-0.0116723443349651,0.674639643240907,66.1767228413707,0.077049465310943,-0.0433325644542608,0.229730649754202
0.00938670784293303,0.0539526541658878,0.0678041610853036,0.520384791769941,83.1431841068638,-0.0931656836636305,0.143375530423479,0.122583558954702
0.00818651952921571,-0.0846989027398664,0.367771221747734,-0.860208315827048,318.369884071451,-0.000375360293294547,-0.0592607984846694,-0.135255046008702
0.0093556661806062,0.0399251035382375,-0.0251839521164462,-0.71240997319522,18.2229969169878,-0.0491053151443468,0.105295537674779,0.33727847126855
0.00884861920633268,-0.0136103850188439,0.0877110054765128,0.543449368141296,110.518427111759,-0.0376708765436242,0.0112701805955929,0.0960295371023773
0.00916563972502864,-0.0122517212281607,0.185214944276638,-0.732971802051301,170.877678575148,-0.01295479917372,-0.129766790382697,0.0332189654324002
0.00868951619622956,-0.0572369140398759,0.158945360850953,-0.383145138815706,155.257592999687,-0.00546782279311742,-0.0208211985355148,0.0248687825836834
0.00886629278200187,-0.0364636157418544,0.122713931379023,0.0577322737829925,145.379169180294,-0.00339405106918855,0.0105188684645463,0.0370046154367291
0.00860442610144776,-0.0994040027328419,0.12328067612957,0.240602370268861,144.090773752734,0.0667262328513855,0.0483669633658057,0.0614413971847488
0.0102481189459431,-0.0564515020442057,0.826635110925945,-0.625159503533462,292.79602677846,0.0278951217377512,-0.00663934804806224,0.155487782671985
0.00933322528903242,0.0616455922591562,0.455985084886991,-1.11957661548176,423.157707988751,-0.0404360744120393,-0.0186123226145449,-0.179783867287079
0.00866173981876888,-0.00411349880227582,0.0455079459608374,0.157605563998474,99.0657531923758,0.00761073988492522,-0.0124433764233643,0.147414357266907
0.00936090438495989,-0.103773807987278,0.495336360795751,0.34144269754954,40.633470509322,-0.00976344462521195,0.0273185123301547,0.132350248945564
0.00893952494531819,-0.0127248475070632,0.119230554675034,-0.307738279033932,118.437136922612,-0.0416116001460938,0.0273543385760022,0.0898354149839772
0.0089081212373711,-0.0496892898064698,0.484732027913759,-1.01455685633397,471.058032986147,-0.0608623862300897,-0.0605197952010494,-0.277912211284226
0.00962792740339548,0.00327014607488801,0.141408725344235,-1.83986464397208,127.3506963233,0.0124327132096081,0.177706360264097,0.122343078112658
0.00974729694823456,-0.0550214232142399,-0.0306737078086658,0.702681007137915,45.4251857410687,0.132970317725467,-0.0830989755504755,0.282089704145398
0.0242520299968753,0.171914205519156,0.795479762524737,-0.694221863446269,552.855323382981,-0.0253686812948388,-0.019280189667875,0.039607917941137
0.0164172607020102,0.0161330970856659,0.796860483282991,-1.17356692522502,560.721428330383,-0.0181253584985922,4.49325101627152e-05,0.0820829171863526
0.0233824466201437,0.156283463901608,0.785713790230185,-1.17364648045225,901.699277377357,-0.0075904568027103,0.0310991358579558,-0.105464203435595
0.0132868281429018,0.14594530597775,-0.0562011660543694,0.952753170648107,70.5227138318925,0.199089895753668,0.0593388193096666,0.236066710567859
0.0148772258098115,-0.00371553929454987,0.778651505051557,-1.45429734113363,884.884418852203,0.016169960103712,0.0273912049018334,-0.0339863797780698
0.0102828824080825,-0.0122287618744373,0.424384334965108,-0.735944441738938,402.49142034788,-0.0187408623527087,-0.0380380504510248,-0.171821370719406
0.0148668044995313,-0.0296909304004878,0.787776637850226,-0.704544826606849,294.622935779606,0.05718812576992,0.0399760044000251,0.223691686516658
0.0166891386313926,-0.069440008165126,0.727809946880533,-0.475063173712461,349.325698718883,0.0365424075403722,0.024034507576707,0.147156378881726
0.0204446536819081,0.151339059738222,0.793996448286637,-1.33152404024443,1002.71337661702,-0.104715107334405,0.0321448564207189,-0.238414953772202
0.00889097239870847,-0.0695428943428046,0.212959993750651,-0.732540926838768,219.665959827101,0.0106034153688339,-0.0623434950239362,-0.105055811179458
0.0136933938131444,0.195699509881111,-0.0187668385459848,0.486489325191638,89.2773968232475,0.23837346853824,0.00183053633384811,0.191986045849351
0.0157354785959796,-0.0776586860985976,0.498188167899177,-1.05591183204796,591.488470159359,-0.0761541185516867,0.00205035034458589,-0.310205299694295
0.0112473260077075,-0.0103662249038226,0.443036058743881,0.34686160234413,24.9845573065306,-0.062354348054751,0.0560097471391253,0.127797714042898
0.0145743828767837,-0.137115097790158,0.675015081762316,-1.04024756193704,897.138893492344,-0.0540993957282869,-0.0161560142995332,-0.348301124917565
0.0114427714821373,0.0567576508316219,0.0511003885522341,0.495061467413941,78.7597604707843,0.0876247724012252,0.169695770519536,0.129547930217992
0.0135457087803354,-0.144629157015656,0.604185199458391,-0.37808772382445,291.379944141235,-0.00501710927027704,-0.0162584722045223,0.177982160755166
0.00954639568794918,-0.0126511543152685,0.0570056376239975,0.728146405074085,44.9658523955837,-0.120916444615544,0.0633336272244408,0.200561207221871
0.00952952161233206,-0.113606013841717,0.176430420789501,-1.34626688139233,169.922733486095,0.0361290251894574,-0.0107032404780406,-0.00979063815252126
0.0171102041454015,0.0310545906938959,0.784784751588376,-0.392087619641572,465.602627122175,0.0193534265997247,-0.0103532296693325,0.145808379867446
0.0141506863868347,-0.118589534406288,0.528041568586605,-0.901050054385149,567.579267524216,-0.0657963555053608,-0.0044273321228564,-0.256082748043606
0.00897611790438497,-0.0996591529148952,0.136294611801687,0.304358733019126,131.798583903968,0.0029585983977406,0.140122878075279,0.0478035762307245
0.0192000406207687,0.0857041755674955,0.812364587022185,-0.766213361288423,427.364869076138,0.00327052074479184,0.0113820149130598,0.148301843494599
0.0139826163941256,-0.101142659079289,0.620192375794188,-1.1191135666152,744.233886157692,-0.0417511243474517,0.0416960614568276,-0.245332309309761
0.0114664888032497,0.103447787072671,-0.00857541700760337,-0.219124603890785,29.4986582751797,-0.051366005561378,-0.0115242706704125,0.277918451122063
0.021147740860327,0.125723774034725,0.766443432975732,-0.909220152163488,921.645419081345,-0.0636573971333029,-0.0504886700194815,-0.141458404035272
0.0095559567753359,-0.0259970348380623,0.390542776794084,-0.0331625896899716,33.9586342047704,-0.00240784600202976,0.0538941495948534,0.120428677445691
0.00873409009478179,-0.00175645452211132,0.321899364649516,-0.795366723030879,321.873263024685,-0.0496286492591078,-0.0620133501603028,-0.213511216571954
0.0110311191542548,0.0732211071893221,0.410284678679305,-0.790533421563873,411.151751150922,-0.0508479243095532,-0.0473074511601178,-0.233415626071189
0.0210373940214561,0.12047154462491,0.773183772523695,-1.39282414484265,1026.6723215915,-0.0167074818583652,0.0569189034267215,-0.163081434815267
0.00887382074783877,-0.0882728500300351,0.215756859702114,-0.686230512258724,216.361256660764,0.0305888907049647,-0.108149541149471,-0.100163757804915
0.00983160816581605,-0.0505125645724857,0.120640682578481,2.04384750041687,113.260323299656,-0.011770669287288,0.172450212895165,0.0773501372741267
0.0162385459847932,0.0388739636390062,0.796997531507135,-1.13455925269581,599.764749182377,-0.0026568273446988,-0.00748577250895643,0.114933915613012
0.025858014790126,0.193052756074209,0.809147807520049,-0.9996643811502,1017.46933225706,-0.111242806525742,0.0204293653437866,-0.214550913048442
0.0139726648265805,0.0613329975603352,0.44900992604937,-0.946810047509235,487.9101699198,-0.0573576250257999,-0.0258527613404215,-0.260682531581131
0.0206615873346526,0.123592325473449,0.747517321112385,-0.428827923902692,409.370304530778,0.00804474732588251,-0.0602205974100155,0.0597557768619531
0.00979655942089369,-0.0208682539331952,0.0712277761108218,0.808865891738329,55.9305838975107,-0.125670090150138,-0.0430460684586363,0.115341421275739
0.0121430161441516,0.165171448180689,-0.0119273437985627,1.62112742353876,53.931306499323,0.0284050729732774,0.0198259084824843,0.215102789777957
0.00944561972711176,-0.088737572682093,0.186924730757213,-0.710576865651128,181.050706267056,-0.00360997166500959,-0.12090919215004,-0.0323327165991592
0.00962778752213314,0.0330027867831317,0.0264475743255911,0.920793955221241,34.6475638162691,-0.12500211053257,0.170940421653622,0.272308364546969
0.00858270648890741,-0.0930618581690215,0.235387878346006,-0.739858328139042,221.962881835226,0.0306446266704984,-0.0959953414878276,-0.0575654152566373
0.0132055642120613,0.0641302326362581,0.450762066451411,-1.03498593609049,478.525742318508,-0.0470159095961841,-0.0235279364091697,-0.286038465588528
0.0181415743151755,0.198408751340677,0.843494188105405,-1.32782264591609,1133.66516272263,0.134214875263959,0.0974575891355509,-0.13576657059095
0.00666230496823247,-0.0734544632876779,0.341888074158942,-0.927525222268111,324.65485157796,-0.029469783564738,-0.0653488357732021,-0.129551389759977
0.0077972563274659,-0.061403885591448,0.271296239975002,-0.603680522795263,263.825326059785,-0.0341265844028643,-0.101796061250755,-0.107537677332036
0.00827268065826476,-0.0693583192154122,0.257047599208416,-0.732893515865473,247.59856848245,-0.0362297760832822,-0.103118206706614,-0.0918575051722467
0.0173375981668576,0.0100017998832569,0.771633652744506,-1.32482357200499,609.411975143214,0.00422611686302216,-0.012420001201299,0.0490711669502641
0.0141097302364337,-0.175394076096646,0.537482980939486,-0.141438452513956,23.6119620039579,-0.0228383176166778,-0.0188217428017582,0.146896177465157
0.015966650348922,-0.139123319584381,0.555387376314968,-0.677453470861185,53.8566188313717,0.0107215329929266,-0.0221110032207007,0.163112523222738
0.0136355015102594,-0.0759831897768004,0.60487801270701,-1.13725308961717,707.469117716904,-0.0100387464274345,0.0325801785514312,-0.20099032554704
0.00764455379647953,-0.0566508695022935,0.287187251327987,-0.771130829076795,267.968287876263,-0.0221451541818249,-0.0759211456959361,-0.103084115985679
0.0259843037183627,0.191550942152654,0.665691740443704,0.287878944931621,399.287230590564,-0.0393237036488935,0.00359044065026513,0.096874563863806
0.0265742797625247,0.12827604044884,0.7447043849599,-1.29943885468587,865.393367224247,-0.0513041519920584,0.0415832470235714,-0.0440798538468035
0.0135793851682117,0.219749182021863,0.0115591050585877,0.698625493170382,105.110952436205,0.138773654355046,0.0133485997169891,0.118086060137787
0.00880499416727424,-0.147827251205984,0.215289996875325,-0.66691043171935,222.76507197167,0.016539883544694,-0.117529126398562,-0.0533504952977576
0.0344141464430789,0.0328383845553389,0.836680897823143,-1.01235197013761,1266.52343780856,-0.107824140989739,0.0325336168366938,-0.196676447374092
0.0300463243412145,0.18515220893643,0.661080720758255,-0.0924557642516173,325.705022497657,0.0176033558208835,0.0162448507830417,0.1393548699429
0.0102662168524112,0.155088262053725,-0.0301266362837205,2.41078334169707,75.5773031663368,-0.00946361908366272,0.0258092597010997,0.268079686198613
0.0144445599416727,0.167373959923487,0.40292393500677,-0.831421653833025,460.542383720446,-0.0570329770866884,-0.0451620316559655,-0.283558048569148
0.00586956837829393,-0.0992100637063019,0.305830371836267,-0.713393167760815,337.784489324029,-0.0230452922848564,-0.0742580649858455,-0.158396978819188
0.00957830069784395,-0.135280076239315,0.182743518383502,-0.544675289220549,194.293654025622,0.00857618008949024,-0.112054492050722,-0.0426505332412894
0.0243486376419123,0.117337967582729,0.7313904905739,-1.15793171214574,748.572116152484,-0.0202664510431985,-0.0111430181305664,0.0124634610106918
0.00928524570357255,-0.102149904549902,0.0744256999406312,0.563937145630327,108.213236954484,0.0259539956652138,0.0818792332318222,0.111427304826823
0.02386552963233,-0.0828301643281544,0.578677356525362,-0.400770034908655,329.998249890636,0.0326246120383518,-0.0103493527997825,0.0568622470775979
0.0139673700656182,0.155507673868639,0.405301020727008,-0.895498478516376,432.740105770232,-0.017011448264956,-0.0400244220793688,-0.22964155784591
0.0155436840954067,0.367572187996536,-0.0247288686824289,0.838874667708867,99.4443316217061,0.195766520971637,0.0552070035209766,0.180137003828123
0.00883897864805751,-0.123893580514098,0.221849044891157,-0.533525906745155,237.537450253099,0.046326654822214,-0.111674215640364,-0.0840137712341293
0.0165288574106864,0.531061439758028,-0.0595131152532028,1.16556668778316,103.596726695136,0.161897871042469,-0.0241918586230356,0.269202778700587
0.0356087199250078,0.291845531845148,0.694940308301219,-0.607612620667743,617.907301531091,-0.0486586165154183,-0.00862869336787103,0.0254608369380993
0.0100112517446099,-0.171272265561812,0.147323480908239,0.0314769308374276,148.730822570566,0.0305379492860671,-0.0490112707100628,-0.0530250701347552
0.0290586834704718,0.228025278006023,0.696072377877303,-0.982485657513581,609.602280147901,0.0393444194656648,0.00113502163745122,0.120560757296817
0.0101662677846058,0.0187664802326493,0.286893615248412,-0.656090537068292,311.364498177273,-0.04002641943409,-0.0832989623736615,-0.211917782191122
0.00961749349026145,-0.150752743505628,0.148122932557859,-1.17801002607885,149.775666211853,0.041255318285833,0.0558271067343517,0.00507198696693925
0.021918904280804,-0.150576181479988,0.586864524528695,-0.00781804502355934,218.319455160921,-0.0286782390635572,-0.0589405916376993,0.041802252174055
0.00929522153942297,-0.168440230452948,0.197416204562025,-0.615334400380318,204.761370169774,-0.00305292572905502,-0.131744003752174,-0.0780990725574407
0.018188374127695,-0.254835819446196,0.578514571398813,-0.433313332672819,311.104075512968,0.0295065263657115,-0.0103556612622317,0.1252033873318
0.011076268201229,-0.028348790413623,0.0195129731265493,0.701258293967414,105.673287324237,0.0691459432859997,-0.060665026835571,0.108385639008481
0.0109176358712634,-0.0740802158090296,0.0239638835308822,0.690065744953957,82.6851207478387,0.04577253924444,-0.0828517069034218,0.137185447838092
0.0101461373815228,0.0582387353243281,0.326416904489116,-0.727382579632736,343.750228257473,-0.0484470773430228,-0.0604904260519425,-0.207136189964379
0.0093348477241954,-0.145744228244761,0.162576012494532,0.0161309710342626,186.3705443183,0.0287568042655409,-0.0113627153981204,-0.0754881046517105
0.00610058243932923,-0.0864682686171873,0.307060274971357,-0.78861164149914,326.842741204041,-0.0330622872580649,-0.0514023893543046,-0.162489113116055
0.0096585895219248,-0.128645209072625,0.0571884974460993,0.874166543041712,130.511877648162,0.0658807412968243,0.224346936546833,0.0584530325701526
0.0372170794708885,0.262449546834276,0.707142901781065,-0.25305164089268,781.541299468805,-0.0847142988344964,-0.0380128389193772,-0.0259206059038994
0.0096354712009166,-0.111144225941808,0.0320557446495157,0.337459757571788,71.4262864305802,-0.0507554992600403,-0.138422338515243,0.111511231699809
0.00976627788772004,-0.156623825667111,0.160970097906468,0.72096107943574,176.347746178523,0.0293705044476608,0.0621753706469013,-0.0617850269599231
0.0191996062910114,-0.133096699756666,0.532834496406625,-0.929580937169397,703.033026424331,-0.00866329014098888,0.0258893363848176,-0.237022531127914
0.0145733607957504,0.116414860708914,0.440855035933757,-0.668826992346916,504.111296146235,-0.0584361863416241,-0.0243588858192648,-0.221219235319438
0.00965793156962816,-0.0648589390874493,0.0243845013472555,1.20296508472654,70.2670940527029,-0.0385911774468238,0.066836206692074,0.162525401732756
0.0309825913967295,0.174251159502532,0.706078346005623,-0.642845072942968,587.867656108739,0.0989392187625148,-0.00618248801277591,0.155824378369064
0.0115951157171128,-0.0149725380931298,-0.00521243163420477,1.40565350875895,94.0699742110196,0.0448144341118522,-0.0754995820471669,0.11439559482398
0.0358477356525362,0.1418404430226,0.72517058639725,-1.12493785395048,1219.64640589522,-0.0597279491410252,0.0444073280221615,-0.3006509273767
0.0187173471513384,-0.00529713439242349,0.395335183835017,-0.444995507802089,42.4920563618374,0.110791778668562,0.0186479344894109,0.135045805211547
0.0192403843349651,-0.197548468560221,0.504346307676284,-0.373257080023517,68.8204500572857,0.0652654883927713,0.0855334255378335,0.13722028771224
0.00863512915321321,-0.117627947466036,0.221957723153838,-0.616270351035738,235.44596374336,-0.0099271600899713,-0.0973969359800472,-0.0813575397351633
0.0282001603999584,0.144076627181313,0.74285993125716,-1.11668430608467,719.067197062806,0.0398711953800954,0.00792483965073965,0.0201218727094663
0.01750841683158,-0.150799080898584,0.609905291115509,-0.459624860540711,287.148381106135,0.0576894054963312,0.0605006702395355,0.243772561636272
0.00964238548067909,-0.0789611074500477,0.0296256076700344,0.922548283280841,83.8306606291011,-0.0634498892668265,0.0647219954235866,0.136011207194615
0.0108302651807103,-0.139250326954705,0.0949760613259035,-0.685204422626183,81.7035699302156,-0.0372151198321564,-0.0387631267729208,0.0811027675366878
0.0282204176648266,0.230318673417152,0.738882283095511,-0.831868464557898,622.227749994792,-0.0552782827376025,-0.00114237975659073,0.0218919055242084
0.013666976669097,0.107514947382661,0.389943537131549,-0.247636988345407,23.3227995833767,0.0109629300619245,0.0620469105851327,0.170176968708958
0.00929930278096032,-0.160712278610091,0.201525576502448,-0.509513913859384,192.569653254869,-0.00442570342418636,-0.146216101090673,0.00485761032838034
0.0467871898760545,0.159254036339703,0.630609957296115,-0.447418420666833,760.953229611499,-0.0618538219794656,-0.0234837269953651,-0.0740158292827774
0.0510932361212374,0.0538713481137758,0.659094156858661,-0.888599629981593,650.459151442558,0.0568292610237256,0.00734288304717767,0.0934737077711378
0.0255030642641391,-0.203221191228002,0.468911530048953,-0.77481347918257,797.038953213207,0.0161178185945714,-0.0149959690942092,-0.363297964566807
0.0550423518383502,-0.00757850928251774,0.613446963857932,-0.725995671287412,892.5537841579,0.0565032078046527,0.00411773075516786,-0.0202493075968214
0.0147536338923029,0.243997563625869,0.32425706697219,-0.147781901263327,421.421132277888,-0.0633288088341751,-0.0995607161322922,-0.286229670943126
0.0515743943339235,0.0705890948650815,0.605061254036037,-0.61281179996077,785.521687407562,-0.00907862983589986,0.0230171645375583,-0.0511163919778292
0.0567330194771377,0.040995365515047,0.581052400791585,-0.263636415319751,374.256389959379,0.0613601993038438,0.00326732262848964,0.102294222501326
0.0253565097385689,-0.247500227866746,0.369775325486928,0.407251106648477,90.1455099260494,-0.075635334845564,0.015606593166808,-0.0169885101469072
0.0597501385272367,-0.0674177889901758,0.648884876575357,-0.617659558707003,1275.54135683783,-0.0678693371159048,0.0146035806165132,-0.312126928031206
0.00959637412769505,-0.088159465065669,0.00113510740443704,2.00405598204684,102.600026872201,-0.00757124804345832,0.0863188693556749,0.167318049865848
0.0187476483699615,0.00477518367933172,0.375613779814603,0.0647143270797645,33.1652933861056,0.00171352912827262,0.0398850651050288,0.166843194587173
0.00959837037808562,-0.110876474182245,0.00785042911467556,0.607787952196893,80.5016662014373,-0.027272324497025,0.105700907369248,0.189787444965733
0.0285672846578482,-0.104885324710088,0.482076481616498,0.352369924003355,277.490452806999,-0.0566531559814914,-0.00419427551116875,0.0137671910367334
0.0109148809499011,-0.134828411512526,0.0504196986395167,1.20311041473211,116.282181906051,-0.0932788228233937,0.030158333833761,0.0668444226029714
0.0238105124466201,-0.13004384448517,0.375246328507447,-0.480917957763502,72.5591528965733,0.206811634776574,0.013389877903,0.0939492740216977
0.00909351348817833,-0.174148524902255,0.180377888761587,-0.482926701686962,197.404022998646,0.0417579996746387,-0.132236750937084,0.0368294956914194
0.0489167097177378,0.014793431699644,0.690222487240913,-0.802058380981646,879.14961181127,0.0382337217774304,0.0247670751986385,0.0672239235617569
0.0394191855015103,0.1742333386422,0.706663253827727,-0.296324290611079,764.071571502968,-0.0787280512340733,-0.0571204949948746,0.037062493862462
0.0506947109676076,0.21665865645845,0.640370378085616,0.528831702028984,890.834700458285,-0.157063738616654,-0.00806152418377865,-0.15419180451388
0.0233907165920217,-0.271094584569638,0.40846894073534,-0.088190681318545,93.3531963337152,0.0383737017640562,0.0741975670545126,0.129751373490157
0.0428249973961046,0.263201056536604,0.692873731902927,0.123728032667215,970.638164034996,-0.143446395830791,-0.0182222822214705,-0.164922210813799
0.00997834183939173,-0.165517006859285,0.100287558223102,0.369007469498837,158.889400333299,-0.0714265998848116,-0.0620454540937719,0.0410345930198513
0.0110242947609624,-0.254512981895447,0.116178531248828,0.301653092749386,126.612119831268,-0.011698545279565,-0.00571311391113993,0.0625565767307683
0.00954264201645662,-0.10814067683039,0.00953439307592958,1.4452749752095,122.174058046037,0.00550383872555221,0.177969330324752,0.0413862186955503
0.0366809634413082,0.292530861676792,0.644166326424331,0.191998545371992,380.58114217269,-0.0161474846458427,0.00509714581819659,0.148295602832042
0.0197022601812311,-0.101354658928167,0.427504957816894,-0.755928705177957,528.065111321737,-0.01409321888228,-0.0383812957394427,-0.202851072508744
0.00972958952192482,-0.162523867208714,0.0733038438548068,0.950524383595092,119.537301114467,-0.00451362992871673,0.0812343592357734,0.151047894816031
0.0292529653161129,-0.0810707909672955,0.48213922508072,0.20597475924408,171.70508352255,-0.0430336430262602,-0.0323446507616849,0.0438329139079238
0.0265836996146235,-0.261890843875544,0.456524903655869,-0.183580890339341,114.563918321008,0.0606689537820256,0.0218159829568985,0.0863803115009708
0.00695890959275076,-0.107549063519815,0.218583272575773,-0.437742980327864,284.202790386418,-0.00931656573318282,-0.121299107145798,-0.0996782478822237
0.0320813550671805,0.499814352947285,0.601890907197167,-0.0755838733094193,1016.54851317571,0.350729391742827,0.268343957264575,-0.294100039544349
0.0513767149255285,0.010578414995247,0.675201312363295,-0.534668674378515,1011.9950752005,-0.089633722022209,-0.00679954046374362,-0.104204467795176
0.0138545790021873,0.240947073294956,0.344313592334132,-0.53820995568722,398.245289521925,-0.0172657136396109,-0.0743298235559329,-0.145703332703861
0.0372167899177169,0.236098442914979,0.535005166128528,-0.428486277393843,317.204225122383,0.115844967064985,0.0331402183793553,0.121884029675642
0.0254591948755338,-0.0603510574333727,0.55595748359546,-0.563195531399381,273.725703999583,0.0832849998893664,0.011103116513937,0.179106083329781
0.0285015342151859,0.0784588755328468,0.596704822414331,-0.0091695972340565,311.740906613894,0.00222225052308717,-0.0633556764074385,0.134441357745046
0.00932284449536507,-0.230305197297224,0.114954877696177,0.503205130545641,144.674199770857,-0.0359045537008043,0.00915087848861318,0.0207655135755848
0.0598117154463077,-0.0327842952962984,0.598999583376732,-0.637242702600427,847.072157160713,0.0219303919011275,0.0184691967857617,0.00724301781817754
0.0401480293719404,0.204497411489086,0.698320779085512,-0.462460443232945,1148.92627855432,-0.113465067456394,-0.0472931212677776,-0.178770133865856
0.00921594719300073,-0.204548822862561,0.122276871336319,0.362844686153544,170.876545464014,-0.0517667228552779,0.121951077675149,-0.0765464189489227
0.0445623497552339,0.0481926417559577,0.709922966357671,-0.840599711996869,955.398913722529,-0.0264221289430233,0.0695979122533727,-0.11412504067593
0.00539143327778356,-0.142103899688485,0.261847401312364,-0.23574793970774,358.923675356734,-0.00913572156208826,-0.0769592119586837,-0.109871017787203
0.0166476228517863,0.349811890378874,0.340542745547339,-0.378568122050826,435.796328517863,-0.0205242934059667,-0.057141360091936,-0.134899617366979
0.0175426307676284,0.58983463305595,-0.0562922435454641,1.74829880735093,160.959106738881,0.104734902603852,0.188158427992836,0.0980605113569855
0.0541479710446828,-0.066035169991624,0.67344884907822,-0.386395752821806,561.15859695865,0.0077111265877764,-0.0283222753120953,0.146295520932427
0.0250678887615873,-0.280651068526744,0.457852327882513,-0.128610750772919,0.293017779397905,0.0173254383866755,0.0246859552498013,0.0385742676802685
0.00953273596500364,-0.213502461745278,0.069952801511301,0.985760340269037,153.730624414123,-0.0384023028361742,0.074532199462087,-0.0273854433522248
0.0423605999375065,0.16671611125622,0.682864909905218,-0.621595919053133,733.304525355692,-0.0704745826612218,-0.00512106623859115,0.027853167175014
0.0416275856681596,0.0362621674802746,0.697112311217582,-0.882406008624378,929.704945786897,-0.0389767977485719,-0.0117309578419193,-0.0553830660445672
0.0212031330069784,-0.321529302203991,0.451901656077492,-0.176105129628025,111.562965732736,0.0317412075653364,0.0763190231995314,0.137584020143848
